MLO0042  144 x 10 sec
2021 09 03 1850   01 05 07.5 +48 37 11 116.7  17.9    0.65  038.1  228  +28   -13    0.12  083  -17   Map/Offsets
2021 09 03 1900   01 05 07.9 +48 37 16 116.7  17.9    0.65  038.1  229  +30   -15    0.12  083  -18   Map/Offsets
2021 09 03 1910   01 05 08.3 +48 37 21 116.7  17.9    0.65  038.0  230  +31   -16    0.12  083  -19   Map/Offsets
2021 09 03 1920   01 05 08.8 +48 37 26 116.7  17.9    0.65  038.0  232  +32   -18    0.12  084  -19   Map/Offsets
2021 09 03 1930   01 05 09.2 +48 37 31 116.7  17.9    0.65  037.9  233  +34   -19    0.12  084  -20   Map/Offsets
2021 09 03 1940   01 05 09.6 +48 37 36 116.7  17.9    0.65  037.9  234  +35   -21    0.11  084  -20   Map/Offsets
2021 09 03 1950   01 05 10.0 +48 37 41 116.7  17.9    0.65  037.8  235  +37   -22    0.11  084  -20   Map/Offsets
2021 09 03 2000   01 05 10.3 +48 37 46 116.7  17.9    0.64  037.7  236  +38   -23    0.11  084  -21   Map/Offsets
2021 09 03 2010   01 05 10.7 +48 37 52 116.7  17.9    0.64  037.7  237  +40   -25    0.11  084  -21   Map/Offsets
2021 09 03 2020   01 05 11.1 +48 37 57 116.7  17.9    0.64  037.6  238  +41   -26    0.11  084  -21   Map/Offsets
2021 09 03 2030   01 05 11.5 +48 38 02 116.7  17.9    0.64  037.6  239  +43   -27    0.11  084  -21   Map/Offsets
2021 09 03 2040   01 05 11.9 +48 38 07 116.8  17.9    0.64  037.6  239  +44   -29    0.11  084  -21   Map/Offsets
2021 09 03 2050   01 05 12.3 +48 38 12 116.8  17.9    0.64  037.5  240  +46   -30    0.11  084  -21   Map/Offsets
2021 09 03 2100   01 05 12.7 +48 38 17 116.8  17.9    0.64  037.5  241  +47   -31    0.11  084  -21   Map/Offsets
2021 09 03 2110   01 05 13.1 +48 38 22 116.8  17.9    0.64  037.4  242  +49   -32    0.11  084  -21   Map/Offsets
2021 09 03 2120   01 05 13.5 +48 38 27 116.8  17.9    0.64  037.4  243  +50   -33    0.11  084  -20   Map/Offsets
2021 09 03 2130   01 05 13.9 +48 38 32 116.8  17.9    0.64  037.4  244  +52   -34    0.11  084  -20   Map/Offsets
2021 09 03 2140   01 05 14.3 +48 38 37 116.8  17.9    0.64  037.3  244  +53   -34    0.11  084  -20   Map/Offsets
2021 09 03 2150   01 05 14.7 +48 38 42 116.8  17.9    0.64  037.3  245  +55   -35    0.11  085  -19   Map/Offsets
2021 09 03 2200   01 05 15.1 +48 38 47 116.8  17.9    0.64  037.3  246  +57   -36    0.11  085  -19   Map/Offsets
2021 09 03 2210   01 05 15.5 +48 38 52 116.8  17.9    0.63  037.3  246  +58   -36    0.11  085  -18   Map/Offsets
2021 09 03 2220   01 05 15.8 +48 38 57 116.8  17.9    0.63  037.2  247  +60   -37    0.11  085  -17   Map/Offsets
2021 09 03 2230   01 05 16.2 +48 39 03 116.8  17.9    0.63  037.2  248  +62   -37    0.11  085  -17   Map/Offsets
2021 09 03 2240   01 05 16.6 +48 39 08 116.8  17.9    0.63  037.2  248  +63   -37    0.11  085  -16   Map/Offsets
2021 09 03 2250   01 05 17.0 +48 39 13 116.8  17.9    0.63  037.2  249  +65   -38    0.11  085  -15   Map/Offsets
2021 09 03 2300   01 05 17.4 +48 39 18 116.8  17.9    0.63  037.2  249  +67   -38    0.11  085  -14   Map/Offsets
2021 09 03 2310   01 05 17.8 +48 39 23 116.8  17.9    0.63  037.2  249  +68   -38    0.11  085  -13   Map/Offsets
2021 09 03 2320   01 05 18.1 +48 39 28 116.8  17.9    0.63  037.2  249  +70   -37    0.10  085  -12   Map/Offsets
2021 09 03 2330   01 05 18.5 +48 39 33 116.8  17.9    0.63  037.2  249  +71   -37    0.10  085  -11   Map/Offsets
2021 09 03 2340   01 05 18.9 +48 39 38 116.8  17.9    0.63  037.2  249  +73   -37    0.10  085  -10   Map/Offsets
2021 09 03 2350   01 05 19.3 +48 39 43 116.8  17.9    0.63  037.2  249  +75   -37    0.10  085  -09   Map/Offsets

C5TX0K2  8 x 180 sec
2021 09 03 1850   16 25 18.7 +30 45 23  80.8  21.1   10.17  149.4  072  +61   -13    0.12  102  -17   Map/Offsets
2021 09 03 1900   16 25 22.7 +30 43 56  80.8  21.1   10.20  149.3  075  +59   -15    0.12  102  -18   Map/Offsets
2021 09 03 1910   16 25 26.7 +30 42 28  80.9  21.1   10.23  149.3  077  +57   -16    0.12  102  -19   Map/Offsets
2021 09 03 1920   16 25 30.8 +30 41 00  80.9  21.1   10.26  149.3  080  +55   -18    0.12  102  -19   Map/Offsets
2021 09 03 1930   16 25 34.9 +30 39 31  80.9  21.1   10.28  149.3  082  +54   -19    0.12  102  -20   Map/Offsets
2021 09 03 1940   16 25 38.9 +30 38 03  80.9  21.1   10.31  149.2  084  +52   -21    0.11  102  -20   Map/Offsets
2021 09 03 1950   16 25 43.0 +30 36 34  80.9  21.1   10.34  149.2  086  +50   -22    0.11  102  -20   Map/Offsets
2021 09 03 2000   16 25 47.1 +30 35 05  80.9  21.1   10.37  149.2  088  +48   -23    0.11  102  -21   Map/Offsets
2021 09 03 2010   16 25 51.3 +30 33 36  80.9  21.1   10.40  149.1  089  +47   -25    0.11  102  -21   Map/Offsets
2021 09 03 2020   16 25 55.4 +30 32 07  80.9  21.1   10.43  149.1  091  +45   -26    0.11  102  -21   Map/Offsets
2021 09 03 2030   16 25 59.6 +30 30 37  81.0  21.1   10.46  149.0  093  +43   -27    0.11  102  -21   Map/Offsets
2021 09 03 2040   16 26 03.7 +30 29 07  81.0  21.1   10.49  149.0  094  +41   -29    0.11  102  -21   Map/Offsets
2021 09 03 2050   16 26 07.9 +30 27 37  81.0  21.1   10.52  148.9  096  +39   -30    0.11  102  -21   Map/Offsets
2021 09 03 2100   16 26 12.1 +30 26 07  81.0  21.1   10.54  148.9  098  +38   -31    0.11  102  -21   Map/Offsets
2021 09 03 2110   16 26 16.3 +30 24 37  81.0  21.1   10.57  148.8  099  +36   -32    0.11  102  -21   Map/Offsets
2021 09 03 2120   16 26 20.6 +30 23 06  81.0  21.1   10.60  148.8  101  +34   -33    0.11  102  -20   Map/Offsets
2021 09 03 2130   16 26 24.8 +30 21 35  81.0  21.1   10.63  148.7  102  +32   -34    0.11  102  -20   Map/Offsets
2021 09 03 2140   16 26 29.1 +30 20 04  81.0  21.1   10.66  148.6  104  +31   -34    0.11  102  -20   Map/Offsets
2021 09 03 2150   16 26 33.4 +30 18 33  81.1  21.1   10.69  148.6  105  +29   -35    0.11  101  -19   Map/Offsets
2021 09 03 2200   16 26 37.7 +30 17 02  81.1  21.1   10.72  148.5  107  +27   -36    0.11  101  -19   Map/Offsets
2021 09 03 2210   16 26 42.0 +30 15 31  81.1  21.1   10.74  148.4  108  +26   -36    0.11  101  -18   Map/Offsets
2021 09 03 2220   16 26 46.4 +30 13 59  81.1  21.1   10.77  148.4  110  +24   -37    0.11  101  -17   Map/Offsets
2021 09 03 2230   16 26 50.8 +30 12 27  81.1  21.1   10.80  148.3  111  +22   -37    0.11  101  -17   Map/Offsets
2021 09 03 2240   16 26 55.1 +30 10 55  81.1  21.1   10.83  148.2  113  +21   -37    0.11  101  -16   Map/Offsets

P11jigc  8 x 180 sec
2021 09 03 1850   17 29 36.1 +04 48 31  99.0  21.7    2.57  159.4  025  +47   -13    0.12  130  -17   Map/Offsets
2021 09 03 1900   17 29 36.7 +04 48 06  99.0  21.7    2.57  159.4  029  +46   -15    0.12  130  -18   Map/Offsets
2021 09 03 1910   17 29 37.4 +04 47 42  99.0  21.7    2.57  159.4  032  +45   -16    0.12  130  -19   Map/Offsets
2021 09 03 1920   17 29 38.0 +04 47 18  99.0  21.7    2.57  159.4  035  +44   -18    0.12  130  -19   Map/Offsets
2021 09 03 1930   17 29 38.6 +04 46 54  99.0  21.7    2.57  159.4  038  +43   -19    0.12  130  -20   Map/Offsets
2021 09 03 1940   17 29 39.2 +04 46 30  99.0  21.7    2.57  159.3  041  +42   -21    0.11  130  -20   Map/Offsets
2021 09 03 1950   17 29 39.8 +04 46 06  99.0  21.7    2.58  159.3  044  +41   -22    0.11  130  -20   Map/Offsets
2021 09 03 2000   17 29 40.4 +04 45 42  99.0  21.7    2.58  159.3  047  +40   -23    0.11  130  -21   Map/Offsets
2021 09 03 2010   17 29 41.0 +04 45 18  99.0  21.7    2.58  159.3  050  +38   -25    0.11  129  -21   Map/Offsets
2021 09 03 2020   17 29 41.6 +04 44 54  99.0  21.7    2.58  159.2  053  +37   -26    0.11  129  -21   Map/Offsets
2021 09 03 2030   17 29 42.2 +04 44 30  99.0  21.7    2.58  159.2  055  +36   -27    0.11  129  -21   Map/Offsets
2021 09 03 2040   17 29 42.8 +04 44 06  99.0  21.7    2.58  159.2  058  +34   -29    0.11  129  -21   Map/Offsets
2021 09 03 2050   17 29 43.5 +04 43 41  99.0  21.7    2.58  159.1  060  +33   -30    0.11  129  -21   Map/Offsets
2021 09 03 2100   17 29 44.1 +04 43 17  99.0  21.7    2.58  159.1  062  +31   -31    0.11  129  -21   Map/Offsets
2021 09 03 2110   17 29 44.7 +04 42 53  99.0  21.7    2.58  159.1  064  +29   -32    0.11  129  -21   Map/Offsets
2021 09 03 2120   17 29 45.3 +04 42 29  99.0  21.7    2.58  159.0  067  +28   -33    0.11  129  -20   Map/Offsets
2021 09 03 2130   17 29 45.9 +04 42 05  99.0  21.7    2.58  159.0  069  +26   -34    0.11  129  -20   Map/Offsets
2021 09 03 2140   17 29 46.5 +04 41 41  99.0  21.7    2.59  158.9  071  +24   -34    0.11  129  -20   Map/Offsets
2021 09 03 2150   17 29 47.2 +04 41 17  99.0  21.7    2.59  158.9  073  +23   -35    0.11  129  -19   Map/Offsets
2021 09 03 2200   17 29 47.8 +04 40 53  99.0  21.7    2.59  158.8  075  +21   -36    0.11  129  -19   Map/Offsets

P21jUfp  8 x 180 sec
2021 09 03 1850   17 31 28.1 +05 15 30  99.4  21.5    0.94  270.5  025  +48   -13    0.12  130  -17   Map/Offsets
2021 09 03 1900   17 31 27.4 +05 15 30  99.4  21.5    0.94  270.5  028  +47   -15    0.12  130  -18   Map/Offsets
2021 09 03 1910   17 31 26.8 +05 15 30  99.4  21.5    0.94  270.5  032  +46   -16    0.12  130  -19   Map/Offsets
2021 09 03 1920   17 31 26.2 +05 15 30  99.4  21.5    0.94  270.5  035  +45   -18    0.12  130  -19   Map/Offsets
2021 09 03 1930   17 31 25.5 +05 15 30  99.4  21.5    0.94  270.5  038  +44   -19    0.12  130  -20   Map/Offsets
2021 09 03 1940   17 31 24.9 +05 15 31  99.4  21.5    0.94  270.5  041  +43   -21    0.11  130  -20   Map/Offsets
2021 09 03 1950   17 31 24.3 +05 15 31  99.4  21.5    0.94  270.5  044  +42   -22    0.11  130  -20   Map/Offsets
2021 09 03 2000   17 31 23.6 +05 15 31  99.4  21.5    0.94  270.5  047  +40   -23    0.11  130  -21   Map/Offsets
2021 09 03 2010   17 31 23.0 +05 15 31  99.3  21.5    0.94  270.5  050  +39   -25    0.11  130  -21   Map/Offsets
2021 09 03 2020   17 31 22.4 +05 15 31  99.3  21.5    0.94  270.5  052  +38   -26    0.11  129  -21   Map/Offsets
2021 09 03 2030   17 31 21.8 +05 15 31  99.3  21.5    0.94  270.5  055  +36   -27    0.11  129  -21   Map/Offsets
2021 09 03 2040   17 31 21.1 +05 15 31  99.3  21.5    0.94  270.5  057  +35   -29    0.11  129  -21   Map/Offsets
2021 09 03 2050   17 31 20.5 +05 15 31  99.3  21.5    0.94  270.4  060  +33   -30    0.11  129  -21   Map/Offsets
2021 09 03 2100   17 31 19.9 +05 15 31  99.3  21.5    0.94  270.4  062  +32   -31    0.11  129  -21   Map/Offsets
2021 09 03 2110   17 31 19.2 +05 15 31  99.3  21.5    0.94  270.4  064  +30   -32    0.11  129  -21   Map/Offsets
2021 09 03 2120   17 31 18.6 +05 15 31  99.3  21.5    0.94  270.4  067  +28   -33    0.11  129  -20   Map/Offsets
2021 09 03 2130   17 31 18.0 +05 15 31  99.3  21.5    0.93  270.4  069  +27   -34    0.11  129  -20   Map/Offsets
2021 09 03 2140   17 31 17.4 +05 15 31  99.3  21.5    0.93  270.4  071  +25   -34    0.11  129  -20   Map/Offsets
2021 09 03 2150   17 31 16.7 +05 15 32  99.3  21.5    0.93  270.4  073  +23   -35    0.11  129  -19   Map/Offsets
2021 09 03 2200   17 31 16.1 +05 15 32  99.3  21.5    0.93  270.4  075  +22   -36    0.11  129  -19   Map/Offsets
2021 09 03 2210   17 31 15.5 +05 15 32  99.2  21.5    0.93  270.4  077  +20   -36    0.11  129  -18   Map/Offsets

P21jWAx  8 x 180 sec
2021 09 03 1850   17 43 29.5 +06 16 42 102.2  21.7    0.32  154.0  021  +49   -13    0.12  132  -17   Map/Offsets
2021 09 03 1900   17 43 29.6 +06 16 40 102.2  21.7    0.32  153.9  025  +49   -15    0.12  132  -18   Map/Offsets
2021 09 03 1910   17 43 29.7 +06 16 37 102.2  21.7    0.32  153.9  028  +48   -16    0.12  132  -19   Map/Offsets
2021 09 03 1920   17 43 29.8 +06 16 34 102.2  21.7    0.33  153.8  032  +47   -18    0.12  132  -19   Map/Offsets
2021 09 03 1930   17 43 29.9 +06 16 31 102.2  21.7    0.33  153.8  035  +46   -19    0.12  132  -20   Map/Offsets
2021 09 03 1940   17 43 30.0 +06 16 28 102.2  21.7    0.33  153.7  038  +45   -21    0.11  131  -20   Map/Offsets
2021 09 03 1950   17 43 30.1 +06 16 25 102.2  21.7    0.33  153.6  041  +44   -22    0.11  131  -20   Map/Offsets
2021 09 03 2000   17 43 30.2 +06 16 22 102.2  21.7    0.33  153.5  044  +43   -23    0.11  131  -21   Map/Offsets
2021 09 03 2010   17 43 30.3 +06 16 19 102.2  21.7    0.33  153.4  047  +41   -25    0.11  131  -21   Map/Offsets
2021 09 03 2020   17 43 30.4 +06 16 16 102.2  21.7    0.33  153.3  050  +40   -26    0.11  131  -21   Map/Offsets
2021 09 03 2030   17 43 30.5 +06 16 13 102.2  21.7    0.33  153.2  053  +39   -27    0.11  131  -21   Map/Offsets
2021 09 03 2040   17 43 30.6 +06 16 10 102.2  21.7    0.33  153.1  055  +37   -29    0.11  131  -21   Map/Offsets
2021 09 03 2050   17 43 30.7 +06 16 07 102.2  21.7    0.33  153.0  058  +36   -30    0.11  131  -21   Map/Offsets
2021 09 03 2100   17 43 30.8 +06 16 05 102.1  21.7    0.33  152.9  060  +34   -31    0.11  131  -21   Map/Offsets
2021 09 03 2110   17 43 30.9 +06 16 02 102.1  21.7    0.33  152.8  062  +33   -32    0.11  131  -21   Map/Offsets
2021 09 03 2120   17 43 31.0 +06 15 59 102.1  21.7    0.33  152.7  065  +31   -33    0.11  131  -20   Map/Offsets
2021 09 03 2130   17 43 31.1 +06 15 56 102.1  21.7    0.33  152.6  067  +30   -34    0.11  131  -20   Map/Offsets
2021 09 03 2140   17 43 31.2 +06 15 53 102.1  21.7    0.33  152.5  069  +28   -34    0.11  131  -20   Map/Offsets
2021 09 03 2150   17 43 31.3 +06 15 50 102.1  21.7    0.33  152.3  071  +26   -35    0.11  131  -19   Map/Offsets
2021 09 03 2200   17 43 31.4 +06 15 47 102.1  21.7    0.33  152.2  073  +25   -36    0.11  131  -19   Map/Offsets
2021 09 03 2210   17 43 31.5 +06 15 44 102.1  21.7    0.33  152.1  075  +23   -36    0.11  131  -18   Map/Offsets
2021 09 03 2220   17 43 31.6 +06 15 41 102.1  21.7    0.33  151.9  077  +21   -37    0.11  130  -17   Map/Offsets

P11jZNs  24 x 60 sec
2021 09 03 1850   21 21 40.9 -05 27 57 157.8  20.7    5.97  046.0  313  +28   -13    0.12  156  -17   Map/Offsets
2021 09 03 1900   21 21 43.8 -05 27 16 157.8  20.7    5.96  045.9  315  +29   -15    0.12  156  -18   Map/Offsets
2021 09 03 1910   21 21 46.6 -05 26 34 157.8  20.7    5.96  045.9  317  +30   -16    0.12  156  -19   Map/Offsets
2021 09 03 1920   21 21 49.5 -05 25 53 157.9  20.7    5.95  045.8  320  +31   -18    0.12  156  -19   Map/Offsets
2021 09 03 1930   21 21 52.4 -05 25 11 157.9  20.7    5.95  045.8  323  +32   -19    0.12  156  -20   Map/Offsets
2021 09 03 1940   21 21 55.2 -05 24 30 157.9  20.7    5.94  045.8  325  +33   -21    0.11  156  -20   Map/Offsets
2021 09 03 1950   21 21 58.1 -05 23 48 157.9  20.7    5.94  045.7  328  +34   -22    0.11  156  -20   Map/Offsets
2021 09 03 2000   21 22 00.9 -05 23 07 157.9  20.7    5.93  045.7  331  +35   -23    0.11  156  -21   Map/Offsets
2021 09 03 2010   21 22 03.7 -05 22 25 157.9  20.7    5.93  045.7  334  +36   -25    0.11  156  -21   Map/Offsets
2021 09 03 2020   21 22 06.6 -05 21 44 157.9  20.7    5.93  045.6  337  +37   -26    0.11  156  -21   Map/Offsets
2021 09 03 2030   21 22 09.4 -05 21 03 157.9  20.7    5.92  045.6  340  +38   -27    0.11  156  -21   Map/Offsets
2021 09 03 2040   21 22 12.3 -05 20 21 157.9  20.7    5.92  045.6  343  +38   -29    0.11  157  -21   Map/Offsets
2021 09 03 2050   21 22 15.1 -05 19 40 157.9  20.7    5.92  045.6  346  +39   -30    0.11  157  -21   Map/Offsets
2021 09 03 2100   21 22 17.9 -05 18 58 157.9  20.7    5.91  045.6  349  +39   -31    0.11  157  -21   Map/Offsets
2021 09 03 2110   21 22 20.7 -05 18 17 157.9  20.7    5.91  045.5  352  +39   -32    0.11  157  -21   Map/Offsets
2021 09 03 2120   21 22 23.6 -05 17 35 157.9  20.7    5.91  045.5  355  +40   -33    0.11  157  -20   Map/Offsets
2021 09 03 2130   21 22 26.4 -05 16 54 157.9  20.7    5.91  045.5  359  +40   -34    0.11  157  -20   Map/Offsets
2021 09 03 2140   21 22 29.2 -05 16 13 157.9  20.7    5.91  045.5  002  +40   -34    0.11  157  -20   Map/Offsets
2021 09 03 2150   21 22 32.0 -05 15 31 157.9  20.7    5.91  045.5  005  +40   -35    0.11  157  -19   Map/Offsets
2021 09 03 2200   21 22 34.8 -05 14 50 157.9  20.7    5.91  045.5  008  +39   -36    0.11  157  -19   Map/Offsets
2021 09 03 2210   21 22 37.7 -05 14 08 157.9  20.7    5.91  045.5  011  +39   -36    0.11  157  -18   Map/Offsets
2021 09 03 2220   21 22 40.5 -05 13 27 157.9  20.7    5.91  045.5  015  +39   -37    0.11  157  -17   Map/Offsets
2021 09 03 2230   21 22 43.3 -05 12 46 157.9  20.7    5.91  045.5  018  +38   -37    0.11  157  -17   Map/Offsets
2021 09 03 2240   21 22 46.1 -05 12 04 157.9  20.7    5.91  045.5  021  +38   -37    0.11  157  -16   Map/Offsets
2021 09 03 2250   21 22 49.0 -05 11 23 157.9  20.7    5.91  045.6  024  +37   -38    0.11  157  -15   Map/Offsets
2021 09 03 2300   21 22 51.8 -05 10 42 157.9  20.7    5.91  045.6  027  +36   -38    0.11  157  -14   Map/Offsets
2021 09 03 2310   21 22 54.6 -05 10 00 157.9  20.7    5.91  045.6  030  +35   -38    0.11  157  -13   Map/Offsets
2021 09 03 2320   21 22 57.4 -05 09 19 158.0  20.7    5.91  045.6  032  +35   -37    0.10  157  -12   Map/Offsets
2021 09 03 2330   21 23 00.3 -05 08 37 158.0  20.7    5.92  045.6  035  +34   -37    0.10  157  -11   Map/Offsets
2021 09 03 2340   21 23 03.1 -05 07 56 158.0  20.7    5.92  045.7  038  +33   -37    0.10  157  -10   Map/Offsets
2021 09 03 2350   21 23 05.9 -05 07 15 158.0  20.7    5.92  045.7  040  +31   -37    0.10  158  -09   Map/Offsets

P11jIdR  8 x 180 sec
2021 09 03 1850   21 31 43.4 +07 23 50 155.4  21.8    1.18  205.9  301  +37   -13    0.12  144  -17   Map/Offsets
2021 09 03 1900   21 31 43.1 +07 23 40 155.4  21.8    1.18  206.0  304  +38   -15    0.12  144  -18   Map/Offsets
2021 09 03 1910   21 31 42.7 +07 23 29 155.4  21.8    1.18  206.0  307  +40   -16    0.12  144  -19   Map/Offsets
2021 09 03 1920   21 31 42.4 +07 23 19 155.4  21.8    1.18  206.1  309  +41   -18    0.12  144  -19   Map/Offsets
2021 09 03 1930   21 31 42.0 +07 23 08 155.4  21.8    1.18  206.1  312  +42   -19    0.12  144  -20   Map/Offsets
2021 09 03 1940   21 31 41.7 +07 22 57 155.4  21.8    1.18  206.1  315  +44   -21    0.11  144  -20   Map/Offsets
2021 09 03 1950   21 31 41.3 +07 22 47 155.4  21.8    1.18  206.2  318  +45   -22    0.11  144  -20   Map/Offsets
2021 09 03 2000   21 31 41.0 +07 22 36 155.4  21.8    1.18  206.2  321  +46   -23    0.11  144  -21   Map/Offsets
2021 09 03 2010   21 31 40.6 +07 22 26 155.4  21.8    1.18  206.2  324  +47   -25    0.11  144  -21   Map/Offsets
2021 09 03 2020   21 31 40.3 +07 22 15 155.4  21.8    1.18  206.2  328  +48   -26    0.11  144  -21   Map/Offsets
2021 09 03 2030   21 31 39.9 +07 22 04 155.4  21.8    1.19  206.3  331  +49   -27    0.11  144  -21   Map/Offsets
2021 09 03 2040   21 31 39.6 +07 21 54 155.4  21.8    1.19  206.3  335  +50   -29    0.11  145  -21   Map/Offsets
2021 09 03 2050   21 31 39.2 +07 21 43 155.4  21.8    1.19  206.3  339  +50   -30    0.11  145  -21   Map/Offsets
2021 09 03 2100   21 31 38.9 +07 21 32 155.4  21.8    1.19  206.3  343  +51   -31    0.11  145  -21   Map/Offsets
2021 09 03 2110   21 31 38.5 +07 21 22 155.4  21.8    1.19  206.3  346  +52   -32    0.11  145  -21   Map/Offsets
2021 09 03 2120   21 31 38.2 +07 21 11 155.4  21.8    1.19  206.3  350  +52   -33    0.11  145  -20   Map/Offsets
2021 09 03 2130   21 31 37.8 +07 21 01 155.4  21.8    1.19  206.3  354  +52   -34    0.11  145  -20   Map/Offsets
2021 09 03 2140   21 31 37.4 +07 20 50 155.4  21.8    1.19  206.3  359  +52   -34    0.11  145  -20   Map/Offsets
2021 09 03 2150   21 31 37.1 +07 20 39 155.4  21.8    1.19  206.3  003  +52   -35    0.11  145  -19   Map/Offsets
2021 09 03 2200   21 31 36.7 +07 20 29 155.4  21.8    1.19  206.2  007  +52   -36    0.11  145  -19   Map/Offsets
2021 09 03 2210   21 31 36.4 +07 20 18 155.4  21.8    1.19  206.2  011  +52   -36    0.11  145  -18   Map/Offsets
2021 09 03 2220   21 31 36.0 +07 20 07 155.4  21.8    1.19  206.2  015  +51   -37    0.11  145  -17   Map/Offsets
2021 09 03 2230   21 31 35.7 +07 19 57 155.4  21.8    1.19  206.2  018  +51   -37    0.11  145  -17   Map/Offsets
2021 09 03 2240   21 31 35.3 +07 19 46 155.3  21.8    1.19  206.1  022  +50   -37    0.11  145  -16   Map/Offsets
2021 09 03 2250   21 31 35.0 +07 19 35 155.3  21.8    1.19  206.1  026  +50   -38    0.11  145  -15   Map/Offsets
2021 09 03 2300   21 31 34.6 +07 19 24 155.3  21.8    1.19  206.1  030  +49   -38    0.11  145  -14   Map/Offsets
2021 09 03 2310   21 31 34.3 +07 19 14 155.3  21.8    1.19  206.0  033  +48   -38    0.11  145  -13   Map/Offsets
2021 09 03 2320   21 31 33.9 +07 19 03 155.3  21.8    1.19  206.0  036  +47   -37    0.10  145  -12   Map/Offsets
2021 09 03 2330   21 31 33.6 +07 18 52 155.3  21.8    1.19  205.9  040  +46   -37    0.10  146  -11   Map/Offsets
2021 09 03 2340   21 31 33.2 +07 18 42 155.3  21.8    1.19  205.9  043  +45   -37    0.10  146  -10   Map/Offsets
2021 09 03 2350   21 31 32.9 +07 18 31 155.3  21.8    1.19  205.8  046  +43   -37    0.10  146  -09   Map/Offsets

Sar2545  48 x 30 sec
2021 09 03 1850   21 41 52.0 +09 24 36 156.0  20.2   14.01  042.3  297  +37   -13    0.12  141  -17   Map/Offsets   !
2021 09 03 1900   21 41 58.3 +09 26 20 156.0  20.2   14.00  042.2  300  +38   -15    0.12  141  -18   Map/Offsets   !
2021 09 03 1910   21 42 04.7 +09 28 03 156.0  20.2   13.99  042.2  302  +40   -16    0.12  141  -19   Map/Offsets   !
2021 09 03 1920   21 42 11.0 +09 29 47 156.0  20.2   13.99  042.1  305  +41   -18    0.12  141  -19   Map/Offsets   !
2021 09 03 1930   21 42 17.4 +09 31 31 156.0  20.2   13.99  042.1  308  +43   -19    0.12  141  -20   Map/Offsets   !
2021 09 03 1940   21 42 23.7 +09 33 15 156.0  20.2   13.98  042.1  310  +44   -21    0.11  141  -20   Map/Offsets   !
2021 09 03 1950   21 42 30.0 +09 34 59 156.0  20.2   13.98  042.0  313  +45   -22    0.11  141  -20   Map/Offsets   !
2021 09 03 2000   21 42 36.3 +09 36 42 156.0  20.1   13.98  042.0  316  +47   -23    0.11  141  -21   Map/Offsets   !
2021 09 03 2010   21 42 42.7 +09 38 26 156.0  20.1   13.97  042.0  319  +48   -25    0.11  141  -21   Map/Offsets   !
2021 09 03 2020   21 42 49.0 +09 40 10 156.0  20.1   13.97  041.9  323  +49   -26    0.11  141  -21   Map/Offsets   !
2021 09 03 2030   21 42 55.3 +09 41 54 156.0  20.1   13.97  041.9  326  +50   -27    0.11  141  -21   Map/Offsets   !
2021 09 03 2040   21 43 01.6 +09 43 38 156.0  20.1   13.97  041.9  330  +51   -29    0.11  141  -21   Map/Offsets   !
2021 09 03 2050   21 43 07.9 +09 45 22 156.0  20.1   13.97  041.9  333  +52   -30    0.11  141  -21   Map/Offsets   !
2021 09 03 2100   21 43 14.2 +09 47 06 156.0  20.1   13.98  041.9  337  +53   -31    0.11  141  -21   Map/Offsets   !
2021 09 03 2110   21 43 20.6 +09 48 50 156.0  20.1   13.98  041.9  341  +53   -32    0.11  141  -21   Map/Offsets   !
2021 09 03 2120   21 43 26.9 +09 50 34 156.0  20.1   13.98  041.9  345  +54   -33    0.11  141  -20   Map/Offsets   !
2021 09 03 2130   21 43 33.2 +09 52 18 156.0  20.1   13.99  041.9  349  +54   -34    0.11  141  -20   Map/Offsets   !
2021 09 03 2140   21 43 39.5 +09 54 02 156.0  20.1   13.99  041.9  353  +55   -34    0.11  141  -20   Map/Offsets   !
2021 09 03 2150   21 43 45.8 +09 55 47 156.0  20.1   14.00  041.9  358  +55   -35    0.11  141  -19   Map/Offsets   !
2021 09 03 2200   21 43 52.2 +09 57 31 156.0  20.1   14.00  041.9  002  +55   -36    0.11  141  -19   Map/Offsets   !
2021 09 03 2210   21 43 58.5 +09 59 15 155.9  20.1   14.01  042.0  006  +55   -36    0.11  141  -18   Map/Offsets   !
2021 09 03 2220   21 44 04.9 +10 00 59 155.9  20.1   14.02  042.0  010  +55   -37    0.11  141  -17   Map/Offsets   !
2021 09 03 2230   21 44 11.2 +10 02 43 155.9  20.1   14.03  042.0  014  +54   -37    0.11  141  -17   Map/Offsets   !
2021 09 03 2240   21 44 17.6 +10 04 27 155.9  20.1   14.04  042.1  018  +54   -37    0.11  141  -16   Map/Offsets   !
2021 09 03 2250   21 44 23.9 +10 06 12 155.9  20.1   14.05  042.1  022  +53   -38    0.11  141  -15   Map/Offsets   !
2021 09 03 2300   21 44 30.3 +10 07 56 155.9  20.1   14.06  042.2  026  +52   -38    0.11  141  -14   Map/Offsets   !
2021 09 03 2310   21 44 36.7 +10 09 40 155.9  20.1   14.07  042.2  030  +52   -38    0.11  141  -13   Map/Offsets   !
2021 09 03 2320   21 44 43.1 +10 11 24 155.9  20.1   14.09  042.3  034  +51   -37    0.10  141  -12   Map/Offsets   !
2021 09 03 2330   21 44 49.6 +10 13 09 155.9  20.1   14.10  042.3  037  +50   -37    0.10  141  -11   Map/Offsets   !
2021 09 03 2340   21 44 56.0 +10 14 53 155.9  20.1   14.12  042.4  041  +49   -37    0.10  141  -10   Map/Offsets   !
2021 09 03 2350   21 45 02.5 +10 16 37 155.9  20.1   14.13  042.4  044  +48   -37    0.10  142  -09   Map/Offsets   !

P11jUOq  8 x 180 sec
2021 09 03 1850   21 43 41.6 +12 08 07 154.4  21.4    3.23  327.6  295  +39   -13    0.12  138  -17   Map/Offsets
2021 09 03 1900   21 43 40.4 +12 08 34 154.4  21.4    3.24  327.5  297  +40   -15    0.12  138  -18   Map/Offsets
2021 09 03 1910   21 43 39.2 +12 09 02 154.4  21.4    3.25  327.4  300  +42   -16    0.12  138  -19   Map/Offsets
2021 09 03 1920   21 43 38.0 +12 09 29 154.3  21.4    3.25  327.3  302  +43   -18    0.12  138  -19   Map/Offsets
2021 09 03 1930   21 43 36.8 +12 09 56 154.3  21.4    3.26  327.2  305  +45   -19    0.12  138  -20   Map/Offsets
2021 09 03 1940   21 43 35.6 +12 10 24 154.3  21.4    3.26  327.1  308  +46   -21    0.11  139  -20   Map/Offsets
2021 09 03 1950   21 43 34.4 +12 10 51 154.3  21.4    3.27  327.0  311  +48   -22    0.11  139  -20   Map/Offsets
2021 09 03 2000   21 43 33.2 +12 11 18 154.3  21.4    3.27  326.9  314  +49   -23    0.11  139  -21   Map/Offsets
2021 09 03 2010   21 43 31.9 +12 11 46 154.3  21.4    3.27  326.8  317  +50   -25    0.11  139  -21   Map/Offsets
2021 09 03 2020   21 43 30.7 +12 12 13 154.3  21.4    3.28  326.7  321  +51   -26    0.11  139  -21   Map/Offsets
2021 09 03 2030   21 43 29.5 +12 12 41 154.3  21.4    3.28  326.6  324  +52   -27    0.11  139  -21   Map/Offsets
2021 09 03 2040   21 43 28.3 +12 13 08 154.3  21.4    3.28  326.6  328  +53   -29    0.11  139  -21   Map/Offsets
2021 09 03 2050   21 43 27.0 +12 13 35 154.2  21.4    3.29  326.5  332  +54   -30    0.11  139  -21   Map/Offsets
2021 09 03 2100   21 43 25.8 +12 14 03 154.2  21.4    3.29  326.4  336  +55   -31    0.11  139  -21   Map/Offsets
2021 09 03 2110   21 43 24.5 +12 14 30 154.2  21.4    3.29  326.4  340  +56   -32    0.11  139  -21   Map/Offsets
2021 09 03 2120   21 43 23.3 +12 14 58 154.2  21.4    3.30  326.3  344  +56   -33    0.11  139  -20   Map/Offsets
2021 09 03 2130   21 43 22.0 +12 15 25 154.2  21.4    3.30  326.3  349  +57   -34    0.11  139  -20   Map/Offsets
2021 09 03 2140   21 43 20.8 +12 15 53 154.2  21.4    3.30  326.3  353  +57   -34    0.11  139  -20   Map/Offsets
2021 09 03 2150   21 43 19.5 +12 16 20 154.2  21.4    3.30  326.2  358  +57   -35    0.11  139  -19   Map/Offsets
2021 09 03 2200   21 43 18.3 +12 16 47 154.2  21.4    3.30  326.2  002  +57   -36    0.11  139  -19   Map/Offsets
2021 09 03 2210   21 43 17.0 +12 17 15 154.2  21.4    3.30  326.2  007  +57   -36    0.11  139  -18   Map/Offsets
2021 09 03 2220   21 43 15.8 +12 17 42 154.1  21.4    3.30  326.2  011  +57   -37    0.11  139  -17   Map/Offsets
2021 09 03 2230   21 43 14.5 +12 18 10 154.1  21.4    3.31  326.2  016  +56   -37    0.11  139  -17   Map/Offsets
2021 09 03 2240   21 43 13.3 +12 18 37 154.1  21.4    3.31  326.2  020  +56   -37    0.11  140  -16   Map/Offsets
2021 09 03 2250   21 43 12.0 +12 19 05 154.1  21.4    3.31  326.2  024  +55   -38    0.11  140  -15   Map/Offsets
2021 09 03 2300   21 43 10.8 +12 19 32 154.1  21.4    3.31  326.2  028  +54   -38    0.11  140  -14   Map/Offsets
2021 09 03 2310   21 43 09.5 +12 20 00 154.1  21.4    3.31  326.2  032  +54   -38    0.11  140  -13   Map/Offsets
2021 09 03 2320   21 43 08.3 +12 20 27 154.1  21.4    3.31  326.3  036  +53   -37    0.10  140  -12   Map/Offsets
2021 09 03 2330   21 43 07.0 +12 20 55 154.1  21.4    3.30  326.3  039  +51   -37    0.10  140  -11   Map/Offsets
2021 09 03 2340   21 43 05.8 +12 21 22 154.0  21.4    3.30  326.3  043  +50   -37    0.10  140  -10   Map/Offsets
2021 09 03 2350   21 43 04.5 +12 21 50 154.0  21.4    3.30  326.4  046  +49   -37    0.10  140  -09   Map/Offsets

P11jIdU  8 x 180 sec
2021 09 03 1850   21 51 41.5 +14 28 13 153.7  22.0    0.94  215.5  291  +39   -13    0.12  135  -17   Map/Offsets
2021 09 03 1900   21 51 41.1 +14 28 05 153.7  22.0    0.94  215.5  293  +41   -15    0.12  135  -18   Map/Offsets
2021 09 03 1910   21 51 40.7 +14 27 58 153.7  22.0    0.94  215.6  296  +42   -16    0.12  135  -19   Map/Offsets
2021 09 03 1920   21 51 40.3 +14 27 50 153.7  22.0    0.94  215.6  298  +44   -18    0.12  135  -19   Map/Offsets
2021 09 03 1930   21 51 40.0 +14 27 42 153.7  22.0    0.94  215.6  301  +45   -19    0.12  136  -20   Map/Offsets
2021 09 03 1940   21 51 39.6 +14 27 35 153.7  22.0    0.94  215.6  304  +47   -21    0.11  136  -20   Map/Offsets
2021 09 03 1950   21 51 39.2 +14 27 27 153.7  22.0    0.94  215.6  307  +48   -22    0.11  136  -20   Map/Offsets
2021 09 03 2000   21 51 38.8 +14 27 19 153.7  22.0    0.95  215.7  310  +50   -23    0.11  136  -21   Map/Offsets
2021 09 03 2010   21 51 38.4 +14 27 12 153.7  22.0    0.95  215.7  313  +51   -25    0.11  136  -21   Map/Offsets
2021 09 03 2020   21 51 38.1 +14 27 04 153.7  22.0    0.95  215.7  316  +52   -26    0.11  136  -21   Map/Offsets
2021 09 03 2030   21 51 37.7 +14 26 56 153.7  22.0    0.95  215.7  320  +53   -27    0.11  136  -21   Map/Offsets
2021 09 03 2040   21 51 37.3 +14 26 49 153.7  22.0    0.95  215.7  323  +55   -29    0.11  136  -21   Map/Offsets
2021 09 03 2050   21 51 36.9 +14 26 41 153.7  22.0    0.95  215.7  327  +56   -30    0.11  136  -21   Map/Offsets
2021 09 03 2100   21 51 36.5 +14 26 33 153.7  22.0    0.95  215.7  331  +57   -31    0.11  136  -21   Map/Offsets
2021 09 03 2110   21 51 36.2 +14 26 26 153.7  22.0    0.95  215.7  335  +57   -32    0.11  136  -21   Map/Offsets
2021 09 03 2120   21 51 35.8 +14 26 18 153.7  22.0    0.95  215.7  340  +58   -33    0.11  136  -20   Map/Offsets
2021 09 03 2130   21 51 35.4 +14 26 10 153.7  22.0    0.95  215.7  344  +59   -34    0.11  136  -20   Map/Offsets
2021 09 03 2140   21 51 35.0 +14 26 02 153.7  22.0    0.95  215.7  349  +59   -34    0.11  136  -20   Map/Offsets
2021 09 03 2150   21 51 34.6 +14 25 55 153.7  22.0    0.95  215.7  354  +59   -35    0.11  136  -19   Map/Offsets
2021 09 03 2200   21 51 34.2 +14 25 47 153.7  22.0    0.95  215.7  358  +59   -36    0.11  136  -19   Map/Offsets
2021 09 03 2210   21 51 33.9 +14 25 39 153.7  22.0    0.95  215.6  003  +59   -36    0.11  137  -18   Map/Offsets
2021 09 03 2220   21 51 33.5 +14 25 32 153.7  22.0    0.95  215.6  008  +59   -37    0.11  137  -17   Map/Offsets
2021 09 03 2230   21 51 33.1 +14 25 24 153.7  22.0    0.95  215.6  012  +59   -37    0.11  137  -17   Map/Offsets
2021 09 03 2240   21 51 32.7 +14 25 16 153.7  22.0    0.95  215.6  017  +58   -37    0.11  137  -16   Map/Offsets
2021 09 03 2250   21 51 32.3 +14 25 08 153.7  22.0    0.95  215.5  022  +58   -38    0.11  137  -15   Map/Offsets
2021 09 03 2300   21 51 32.0 +14 25 01 153.7  22.0    0.95  215.5  026  +57   -38    0.11  137  -14   Map/Offsets
2021 09 03 2310   21 51 31.6 +14 24 53 153.7  22.0    0.95  215.5  030  +56   -38    0.11  137  -13   Map/Offsets
2021 09 03 2320   21 51 31.2 +14 24 45 153.7  22.0    0.95  215.5  034  +55   -37    0.10  137  -12   Map/Offsets
2021 09 03 2330   21 51 30.8 +14 24 37 153.7  22.0    0.95  215.4  038  +54   -37    0.10  137  -11   Map/Offsets
2021 09 03 2340   21 51 30.4 +14 24 30 153.7  22.0    0.95  215.4  041  +53   -37    0.10  137  -10   Map/Offsets
2021 09 03 2350   21 51 30.1 +14 24 22 153.7  22.0    0.95  215.3  045  +52   -37    0.10  137  -09   Map/Offsets

P21jWcx  24 x 60 sec
2021 09 03 1850   22 02 25.2 +15 27 41 154.2  20.8    0.89  168.0  288  +38   -13    0.12  133  -17   Map/Offsets
2021 09 03 1900   22 02 25.3 +15 27 32 154.2  20.8    0.89  168.1  290  +40   -15    0.12  133  -18   Map/Offsets
2021 09 03 1910   22 02 25.4 +15 27 24 154.2  20.8    0.89  168.2  292  +41   -16    0.12  133  -19   Map/Offsets
2021 09 03 1920   22 02 25.6 +15 27 15 154.2  20.8    0.89  168.3  295  +43   -18    0.12  133  -19   Map/Offsets
2021 09 03 1930   22 02 25.7 +15 27 06 154.3  20.8    0.89  168.4  297  +44   -19    0.12  133  -20   Map/Offsets
2021 09 03 1940   22 02 25.8 +15 26 58 154.3  20.8    0.89  168.5  300  +46   -21    0.11  133  -20   Map/Offsets
2021 09 03 1950   22 02 25.9 +15 26 49 154.3  20.8    0.89  168.6  303  +48   -22    0.11  133  -20   Map/Offsets
2021 09 03 2000   22 02 26.1 +15 26 40 154.3  20.8    0.89  168.7  305  +49   -23    0.11  133  -21   Map/Offsets
2021 09 03 2010   22 02 26.2 +15 26 31 154.3  20.8    0.89  168.8  308  +50   -25    0.11  134  -21   Map/Offsets
2021 09 03 2020   22 02 26.3 +15 26 23 154.3  20.8    0.89  168.9  312  +52   -26    0.11  134  -21   Map/Offsets
2021 09 03 2030   22 02 26.4 +15 26 14 154.3  20.8    0.89  168.9  315  +53   -27    0.11  134  -21   Map/Offsets
2021 09 03 2040   22 02 26.5 +15 26 05 154.3  20.8    0.89  169.0  319  +54   -29    0.11  134  -21   Map/Offsets
2021 09 03 2050   22 02 26.6 +15 25 57 154.3  20.8    0.89  169.0  322  +55   -30    0.11  134  -21   Map/Offsets
2021 09 03 2100   22 02 26.8 +15 25 48 154.3  20.8    0.89  169.1  326  +56   -31    0.11  134  -21   Map/Offsets
2021 09 03 2110   22 02 26.9 +15 25 39 154.3  20.8    0.89  169.1  330  +57   -32    0.11  134  -21   Map/Offsets
2021 09 03 2120   22 02 27.0 +15 25 30 154.3  20.8    0.89  169.2  334  +58   -33    0.11  134  -20   Map/Offsets
2021 09 03 2130   22 02 27.1 +15 25 22 154.3  20.8    0.89  169.2  339  +59   -34    0.11  134  -20   Map/Offsets
2021 09 03 2140   22 02 27.2 +15 25 13 154.3  20.8    0.89  169.2  343  +59   -34    0.11  134  -20   Map/Offsets
2021 09 03 2150   22 02 27.3 +15 25 04 154.3  20.8    0.89  169.3  348  +60   -35    0.11  134  -19   Map/Offsets
2021 09 03 2200   22 02 27.5 +15 24 55 154.3  20.8    0.89  169.3  353  +60   -36    0.11  134  -19   Map/Offsets
2021 09 03 2210   22 02 27.6 +15 24 46 154.3  20.8    0.90  169.3  358  +60   -36    0.11  134  -18   Map/Offsets
2021 09 03 2220   22 02 27.7 +15 24 38 154.3  20.8    0.90  169.3  003  +60   -37    0.11  134  -17   Map/Offsets
2021 09 03 2230   22 02 27.8 +15 24 29 154.3  20.8    0.90  169.3  008  +60   -37    0.11  134  -17   Map/Offsets
2021 09 03 2240   22 02 27.9 +15 24 20 154.3  20.8    0.90  169.3  012  +60   -37    0.11  135  -16   Map/Offsets
2021 09 03 2250   22 02 28.0 +15 24 11 154.3  20.8    0.90  169.3  017  +59   -38    0.11  135  -15   Map/Offsets
2021 09 03 2300   22 02 28.1 +15 24 02 154.3  20.8    0.90  169.3  022  +59   -38    0.11  135  -14   Map/Offsets
2021 09 03 2310   22 02 28.3 +15 23 53 154.3  20.8    0.90  169.2  026  +58   -38    0.11  135  -13   Map/Offsets
2021 09 03 2320   22 02 28.4 +15 23 45 154.3  20.8    0.90  169.2  030  +57   -37    0.10  135  -12   Map/Offsets
2021 09 03 2330   22 02 28.5 +15 23 36 154.3  20.8    0.90  169.2  034  +56   -37    0.10  135  -11   Map/Offsets
2021 09 03 2340   22 02 28.6 +15 23 27 154.3  20.8    0.90  169.1  038  +55   -37    0.10  135  -10   Map/Offsets
2021 09 03 2350   22 02 28.7 +15 23 18 154.3  20.8    0.90  169.1  042  +54   -37    0.10  135  -09   Map/Offsets

P21jWcy  8 x 180 sec
2021 09 03 1850   22 19 15.5 +18 39 37 152.9  21.7    0.78  326.8  281  +37   -13    0.12  128  -17   Map/Offsets
2021 09 03 1900   22 19 15.2 +18 39 44 152.9  21.7    0.78  326.8  283  +39   -15    0.12  128  -18   Map/Offsets
2021 09 03 1910   22 19 14.9 +18 39 50 152.8  21.7    0.78  326.7  285  +41   -16    0.12  128  -19   Map/Offsets
2021 09 03 1920   22 19 14.6 +18 39 57 152.8  21.7    0.78  326.6  288  +42   -18    0.12  128  -19   Map/Offsets
2021 09 03 1930   22 19 14.3 +18 40 03 152.8  21.7    0.78  326.5  290  +44   -19    0.12  128  -20   Map/Offsets
2021 09 03 1940   22 19 14.0 +18 40 10 152.8  21.7    0.78  326.5  292  +46   -21    0.11  128  -20   Map/Offsets
2021 09 03 1950   22 19 13.7 +18 40 16 152.8  21.7    0.78  326.4  295  +47   -22    0.11  129  -20   Map/Offsets
2021 09 03 2000   22 19 13.4 +18 40 23 152.8  21.7    0.78  326.3  298  +49   -23    0.11  129  -21   Map/Offsets
2021 09 03 2010   22 19 13.1 +18 40 29 152.8  21.7    0.78  326.3  300  +51   -25    0.11  129  -21   Map/Offsets
2021 09 03 2020   22 19 12.8 +18 40 36 152.8  21.7    0.78  326.2  303  +52   -26    0.11  129  -21   Map/Offsets
2021 09 03 2030   22 19 12.5 +18 40 42 152.8  21.7    0.78  326.1  306  +54   -27    0.11  129  -21   Map/Offsets
2021 09 03 2040   22 19 12.2 +18 40 49 152.8  21.7    0.78  326.1  310  +55   -29    0.11  129  -21   Map/Offsets
2021 09 03 2050   22 19 11.9 +18 40 55 152.8  21.7    0.78  326.0  313  +56   -30    0.11  129  -21   Map/Offsets
2021 09 03 2100   22 19 11.6 +18 41 02 152.8  21.7    0.78  326.0  317  +57   -31    0.11  129  -21   Map/Offsets
2021 09 03 2110   22 19 11.3 +18 41 08 152.8  21.7    0.78  325.9  321  +59   -32    0.11  129  -21   Map/Offsets
2021 09 03 2120   22 19 11.0 +18 41 15 152.8  21.7    0.78  325.9  325  +60   -33    0.11  129  -20   Map/Offsets
2021 09 03 2130   22 19 10.6 +18 41 21 152.8  21.7    0.78  325.9  329  +61   -34    0.11  129  -20   Map/Offsets
2021 09 03 2140   22 19 10.3 +18 41 28 152.8  21.7    0.78  325.8  334  +62   -34    0.11  129  -20   Map/Offsets
2021 09 03 2150   22 19 10.0 +18 41 34 152.8  21.7    0.78  325.8  339  +62   -35    0.11  129  -19   Map/Offsets
2021 09 03 2200   22 19 09.7 +18 41 41 152.8  21.7    0.78  325.8  344  +63   -36    0.11  129  -19   Map/Offsets
2021 09 03 2210   22 19 09.4 +18 41 47 152.8  21.7    0.78  325.7  349  +63   -36    0.11  129  -18   Map/Offsets
2021 09 03 2220   22 19 09.1 +18 41 54 152.8  21.7    0.78  325.7  354  +63   -37    0.11  129  -17   Map/Offsets
2021 09 03 2230   22 19 08.8 +18 42 00 152.8  21.7    0.78  325.7  359  +64   -37    0.11  130  -17   Map/Offsets
2021 09 03 2240   22 19 08.5 +18 42 07 152.8  21.7    0.78  325.7  005  +64   -37    0.11  130  -16   Map/Offsets
2021 09 03 2250   22 19 08.2 +18 42 13 152.8  21.7    0.78  325.6  010  +63   -38    0.11  130  -15   Map/Offsets
2021 09 03 2300   22 19 07.9 +18 42 19 152.8  21.7    0.78  325.6  015  +63   -38    0.11  130  -14   Map/Offsets
2021 09 03 2310   22 19 07.5 +18 42 26 152.8  21.7    0.78  325.6  020  +62   -38    0.11  130  -13   Map/Offsets
2021 09 03 2320   22 19 07.2 +18 42 32 152.8  21.7    0.78  325.6  025  +62   -37    0.10  130  -12   Map/Offsets
2021 09 03 2330   22 19 06.9 +18 42 39 152.8  21.7    0.78  325.6  030  +61   -37    0.10  130  -11   Map/Offsets
2021 09 03 2340   22 19 06.6 +18 42 45 152.8  21.7    0.78  325.6  034  +60   -37    0.10  130  -10   Map/Offsets
2021 09 03 2350   22 19 06.3 +18 42 52 152.8  21.7    0.78  325.6  038  +59   -37    0.10  130  -09   Map/Offsets

C5TX4R2  8 x 180 sec
2021 09 03 1850   22 38 09.3 +28 53 12 143.6  21.3    3.55  166.6  268  +41   -13    0.12  117  -17   Map/Offsets
2021 09 03 1900   22 38 10.0 +28 52 38 143.6  21.3    3.55  166.7  269  +42   -15    0.12  117  -18   Map/Offsets
2021 09 03 1910   22 38 10.6 +28 52 03 143.6  21.3    3.55  166.7  271  +44   -16    0.12  117  -19   Map/Offsets
2021 09 03 1920   22 38 11.2 +28 51 29 143.7  21.3    3.55  166.8  273  +46   -18    0.12  118  -19   Map/Offsets
2021 09 03 1930   22 38 11.8 +28 50 54 143.7  21.3    3.55  166.8  275  +48   -19    0.12  118  -20   Map/Offsets
2021 09 03 1940   22 38 12.4 +28 50 20 143.7  21.3    3.55  166.9  277  +49   -21    0.11  118  -20   Map/Offsets
2021 09 03 1950   22 38 13.1 +28 49 45 143.7  21.3    3.56  166.9  279  +51   -22    0.11  118  -20   Map/Offsets
2021 09 03 2000   22 38 13.7 +28 49 10 143.7  21.3    3.56  167.0  281  +53   -23    0.11  118  -21   Map/Offsets
2021 09 03 2010   22 38 14.3 +28 48 36 143.7  21.3    3.56  167.0  283  +55   -25    0.11  118  -21   Map/Offsets
2021 09 03 2020   22 38 14.9 +28 48 01 143.7  21.3    3.56  167.0  286  +56   -26    0.11  118  -21   Map/Offsets
2021 09 03 2030   22 38 15.5 +28 47 26 143.7  21.3    3.56  167.1  288  +58   -27    0.11  118  -21   Map/Offsets
2021 09 03 2040   22 38 16.1 +28 46 51 143.8  21.3    3.57  167.1  291  +60   -29    0.11  118  -21   Map/Offsets
2021 09 03 2050   22 38 16.7 +28 46 17 143.8  21.3    3.57  167.1  294  +61   -30    0.11  118  -21   Map/Offsets
2021 09 03 2100   22 38 17.3 +28 45 42 143.8  21.3    3.57  167.2  297  +63   -31    0.11  118  -21   Map/Offsets
2021 09 03 2110   22 38 17.9 +28 45 07 143.8  21.3    3.57  167.2  301  +64   -32    0.11  118  -21   Map/Offsets
2021 09 03 2120   22 38 18.5 +28 44 32 143.8  21.3    3.57  167.2  305  +66   -33    0.11  118  -20   Map/Offsets
2021 09 03 2130   22 38 19.1 +28 43 57 143.8  21.3    3.58  167.3  309  +67   -34    0.11  118  -20   Map/Offsets
2021 09 03 2140   22 38 19.7 +28 43 23 143.8  21.3    3.58  167.3  314  +69   -34    0.11  118  -20   Map/Offsets
2021 09 03 2150   22 38 20.3 +28 42 48 143.8  21.3    3.58  167.3  319  +70   -35    0.11  119  -19   Map/Offsets
2021 09 03 2200   22 38 20.9 +28 42 13 143.8  21.3    3.58  167.3  324  +71   -36    0.11  119  -19   Map/Offsets
2021 09 03 2210   22 38 21.5 +28 41 38 143.9  21.3    3.58  167.4  331  +72   -36    0.11  119  -18   Map/Offsets
2021 09 03 2220   22 38 22.1 +28 41 03 143.9  21.3    3.59  167.4  337  +73   -37    0.11  119  -17   Map/Offsets
2021 09 03 2230   22 38 22.7 +28 40 28 143.9  21.3    3.59  167.4  345  +73   -37    0.11  119  -17   Map/Offsets
2021 09 03 2240   22 38 23.3 +28 39 53 143.9  21.3    3.59  167.4  352  +73   -37    0.11  119  -16   Map/Offsets
2021 09 03 2250   22 38 23.9 +28 39 18 143.9  21.3    3.59  167.4  000  +74   -38    0.11  119  -15   Map/Offsets
2021 09 03 2300   22 38 24.5 +28 38 43 143.9  21.3    3.60  167.4  008  +73   -38    0.11  119  -14   Map/Offsets
2021 09 03 2310   22 38 25.1 +28 38 07 143.9  21.3    3.60  167.4  015  +73   -38    0.11  119  -13   Map/Offsets
2021 09 03 2320   22 38 25.7 +28 37 32 143.9  21.3    3.60  167.4  022  +73   -37    0.10  119  -12   Map/Offsets
2021 09 03 2330   22 38 26.3 +28 36 57 144.0  21.3    3.61  167.4  029  +72   -37    0.10  119  -11   Map/Offsets
2021 09 03 2340   22 38 26.9 +28 36 22 144.0  21.3    3.61  167.4  035  +71   -37    0.10  119  -10   Map/Offsets
2021 09 03 2350   22 38 27.5 +28 35 47 144.0  21.3    3.61  167.4  041  +70   -37    0.10  119  -09   Map/Offsets

C5TX3W2  8 x 180 sec
2021 09 03 1850   22 37 55.0 +32 33 07 140.0  21.7    0.23  261.3  264  +43   -13    0.12  114  -17   Map/Offsets
2021 09 03 1900   22 37 54.8 +32 33 06 140.0  21.7    0.23  261.3  265  +44   -15    0.12  114  -18   Map/Offsets
2021 09 03 1910   22 37 54.6 +32 33 06 140.0  21.7    0.23  261.3  267  +46   -16    0.12  114  -19   Map/Offsets
2021 09 03 1920   22 37 54.4 +32 33 06 140.0  21.7    0.23  261.2  269  +48   -18    0.12  115  -19   Map/Offsets
2021 09 03 1930   22 37 54.2 +32 33 05 140.0  21.7    0.23  261.2  270  +50   -19    0.12  115  -20   Map/Offsets
2021 09 03 1940   22 37 54.0 +32 33 05 140.0  21.7    0.23  261.1  272  +51   -21    0.11  115  -20   Map/Offsets
2021 09 03 1950   22 37 53.9 +32 33 05 140.0  21.7    0.23  261.1  274  +53   -22    0.11  115  -20   Map/Offsets
2021 09 03 2000   22 37 53.7 +32 33 04 140.0  21.7    0.23  261.1  276  +55   -23    0.11  115  -21   Map/Offsets
2021 09 03 2010   22 37 53.5 +32 33 04 140.0  21.7    0.24  261.0  278  +57   -25    0.11  115  -21   Map/Offsets
2021 09 03 2020   22 37 53.3 +32 33 04 140.0  21.7    0.24  261.0  280  +59   -26    0.11  115  -21   Map/Offsets
2021 09 03 2030   22 37 53.1 +32 33 03 140.0  21.7    0.24  260.9  283  +60   -27    0.11  115  -21   Map/Offsets
2021 09 03 2040   22 37 52.9 +32 33 03 140.0  21.7    0.24  260.9  285  +62   -29    0.11  115  -21   Map/Offsets
2021 09 03 2050   22 37 52.8 +32 33 02 140.0  21.7    0.24  260.8  288  +64   -30    0.11  115  -21   Map/Offsets
2021 09 03 2100   22 37 52.6 +32 33 02 140.0  21.7    0.24  260.8  291  +65   -31    0.11  115  -21   Map/Offsets
2021 09 03 2110   22 37 52.4 +32 33 02 140.0  21.7    0.24  260.7  294  +67   -32    0.11  115  -21   Map/Offsets
2021 09 03 2120   22 37 52.2 +32 33 01 140.0  21.7    0.24  260.7  298  +69   -33    0.11  115  -20   Map/Offsets
2021 09 03 2130   22 37 52.0 +32 33 01 140.0  21.7    0.24  260.6  302  +70   -34    0.11  115  -20   Map/Offsets
2021 09 03 2140   22 37 51.8 +32 33 01 140.0  21.7    0.24  260.5  307  +72   -34    0.11  115  -20   Map/Offsets
2021 09 03 2150   22 37 51.7 +32 33 00 140.0  21.7    0.24  260.5  312  +73   -35    0.11  115  -19   Map/Offsets
2021 09 03 2200   22 37 51.5 +32 33 00 140.0  21.7    0.24  260.4  318  +74   -36    0.11  115  -19   Map/Offsets
2021 09 03 2210   22 37 51.3 +32 32 59 140.0  21.7    0.24  260.4  325  +75   -36    0.11  116  -18   Map/Offsets
2021 09 03 2220   22 37 51.1 +32 32 59 140.0  21.7    0.24  260.3  333  +76   -37    0.11  116  -17   Map/Offsets
2021 09 03 2230   22 37 50.9 +32 32 59 140.0  21.7    0.24  260.2  341  +77   -37    0.11  116  -17   Map/Offsets
2021 09 03 2240   22 37 50.7 +32 32 58 140.0  21.7    0.24  260.2  351  +77   -37    0.11  116  -16   Map/Offsets
2021 09 03 2250   22 37 50.5 +32 32 58 140.0  21.7    0.24  260.1  000  +77   -38    0.11  116  -15   Map/Offsets
2021 09 03 2300   22 37 50.4 +32 32 57 140.0  21.7    0.24  260.0  010  +77   -38    0.11  116  -14   Map/Offsets
2021 09 03 2310   22 37 50.2 +32 32 57 140.0  21.7    0.24  260.0  019  +77   -38    0.11  116  -13   Map/Offsets
2021 09 03 2320   22 37 50.0 +32 32 56 140.0  21.7    0.24  259.9  028  +76   -37    0.10  116  -12   Map/Offsets
2021 09 03 2330   22 37 49.8 +32 32 56 140.0  21.7    0.24  259.8  035  +75   -37    0.10  116  -11   Map/Offsets
2021 09 03 2340   22 37 49.6 +32 32 56 140.0  21.7    0.24  259.7  042  +74   -37    0.10  116  -10   Map/Offsets
2021 09 03 2350   22 37 49.4 +32 32 55 140.0  21.7    0.24  259.7  048  +73   -37    0.10  116  -09   Map/Offsets

C5TX7J2  24 x 60 sec
2021 09 03 1850   23 07 25.8 +34 51 11 137.6  20.5    5.63  275.9  257  +39   -13    0.12  109  -17   Map/Offsets
2021 09 03 1900   23 07 21.2 +34 51 17 137.6  20.5    5.63  275.9  258  +41   -15    0.12  109  -18   Map/Offsets
2021 09 03 1910   23 07 16.7 +34 51 22 137.6  20.5    5.63  275.9  260  +42   -16    0.12  109  -19   Map/Offsets
2021 09 03 1920   23 07 12.1 +34 51 28 137.6  20.5    5.63  275.8  261  +44   -18    0.12  109  -19   Map/Offsets
2021 09 03 1930   23 07 07.6 +34 51 34 137.6  20.5    5.63  275.8  263  +46   -19    0.12  109  -20   Map/Offsets
2021 09 03 1940   23 07 03.0 +34 51 39 137.6  20.5    5.63  275.8  264  +48   -21    0.11  109  -20   Map/Offsets
2021 09 03 1950   23 06 58.5 +34 51 45 137.6  20.5    5.63  275.8  266  +49   -22    0.11  109  -20   Map/Offsets
2021 09 03 2000   23 06 53.9 +34 51 51 137.6  20.5    5.63  275.7  267  +51   -23    0.11  109  -21   Map/Offsets
2021 09 03 2010   23 06 49.3 +34 51 56 137.6  20.5    5.63  275.7  269  +53   -25    0.11  109  -21   Map/Offsets
2021 09 03 2020   23 06 44.8 +34 52 02 137.6  20.5    5.63  275.7  271  +55   -26    0.11  109  -21   Map/Offsets
2021 09 03 2030   23 06 40.2 +34 52 08 137.6  20.5    5.63  275.6  273  +56   -27    0.11  109  -21   Map/Offsets
2021 09 03 2040   23 06 35.7 +34 52 13 137.6  20.5    5.63  275.6  275  +58   -29    0.11  110  -21   Map/Offsets
2021 09 03 2050   23 06 31.1 +34 52 19 137.6  20.5    5.63  275.6  277  +60   -30    0.11  110  -21   Map/Offsets
2021 09 03 2100   23 06 26.6 +34 52 24 137.6  20.5    5.63  275.6  279  +62   -31    0.11  110  -21   Map/Offsets
2021 09 03 2110   23 06 22.0 +34 52 29 137.6  20.5    5.63  275.5  281  +64   -32    0.11  110  -21   Map/Offsets
2021 09 03 2120   23 06 17.5 +34 52 35 137.6  20.5    5.63  275.5  284  +65   -33    0.11  110  -20   Map/Offsets
2021 09 03 2130   23 06 12.9 +34 52 40 137.6  20.5    5.63  275.5  287  +67   -34    0.11  110  -20   Map/Offsets
2021 09 03 2140   23 06 08.3 +34 52 46 137.6  20.5    5.63  275.4  290  +69   -34    0.11  110  -20   Map/Offsets
2021 09 03 2150   23 06 03.8 +34 52 51 137.6  20.5    5.63  275.4  294  +70   -35    0.11  110  -19   Map/Offsets
2021 09 03 2200   23 05 59.2 +34 52 56 137.7  20.5    5.63  275.4  298  +72   -36    0.11  110  -19   Map/Offsets
2021 09 03 2210   23 05 54.7 +34 53 01 137.7  20.5    5.63  275.3  302  +74   -36    0.11  110  -18   Map/Offsets
2021 09 03 2220   23 05 50.1 +34 53 07 137.7  20.5    5.63  275.3  308  +75   -37    0.11  110  -17   Map/Offsets
2021 09 03 2230   23 05 45.6 +34 53 12 137.7  20.5    5.62  275.3  314  +76   -37    0.11  110  -17   Map/Offsets
2021 09 03 2240   23 05 41.0 +34 53 17 137.7  20.5    5.62  275.2  322  +78   -37    0.11  110  -16   Map/Offsets
2021 09 03 2250   23 05 36.5 +34 53 22 137.7  20.5    5.62  275.2  330  +79   -38    0.11  110  -15   Map/Offsets
2021 09 03 2300   23 05 31.9 +34 53 27 137.7  20.5    5.62  275.2  341  +79   -38    0.11  111  -14   Map/Offsets
2021 09 03 2310   23 05 27.4 +34 53 32 137.7  20.5    5.62  275.1  352  +80   -38    0.11  111  -13   Map/Offsets
2021 09 03 2320   23 05 22.8 +34 53 37 137.7  20.5    5.61  275.1  003  +80   -37    0.10  111  -12   Map/Offsets
2021 09 03 2330   23 05 18.3 +34 53 42 137.7  20.5    5.61  275.1  015  +80   -37    0.10  111  -11   Map/Offsets
2021 09 03 2340   23 05 13.8 +34 53 47 137.7  20.5    5.61  275.0  025  +79   -37    0.10  111  -10   Map/Offsets
2021 09 03 2350   23 05 09.2 +34 53 52 137.7  20.5    5.61  275.0  035  +78   -37    0.10  111  -09   Map/Offsets

C5TX6F2  8 x 180 sec
2021 09 03 1850   23 20 29.8 +27 44 15 144.2  21.2    8.27  151.6  262  +32   -13    0.12  112  -17   Map/Offsets
2021 09 03 1900   23 20 32.7 +27 43 02 144.2  21.2    8.28  151.7  263  +34   -15    0.12  112  -18   Map/Offsets
2021 09 03 1910   23 20 35.7 +27 41 49 144.2  21.2    8.28  151.7  265  +36   -16    0.12  112  -19   Map/Offsets
2021 09 03 1920   23 20 38.6 +27 40 36 144.2  21.2    8.28  151.8  267  +38   -18    0.12  112  -19   Map/Offsets
2021 09 03 1930   23 20 41.6 +27 39 23 144.2  21.2    8.28  151.8  268  +39   -19    0.12  112  -20   Map/Offsets
2021 09 03 1940   23 20 44.5 +27 38 10 144.3  21.2    8.29  151.9  270  +41   -21    0.11  112  -20   Map/Offsets
2021 09 03 1950   23 20 47.5 +27 36 57 144.3  21.2    8.29  151.9  272  +43   -22    0.11  113  -20   Map/Offsets
2021 09 03 2000   23 20 50.4 +27 35 44 144.3  21.2    8.29  152.0  274  +45   -23    0.11  113  -21   Map/Offsets
2021 09 03 2010   23 20 53.3 +27 34 30 144.3  21.2    8.30  152.0  276  +46   -25    0.11  113  -21   Map/Offsets
2021 09 03 2020   23 20 56.2 +27 33 17 144.3  21.2    8.30  152.0  278  +48   -26    0.11  113  -21   Map/Offsets
2021 09 03 2030   23 20 59.2 +27 32 04 144.4  21.2    8.30  152.1  280  +50   -27    0.11  113  -21   Map/Offsets
2021 09 03 2040   23 21 02.1 +27 30 50 144.4  21.2    8.31  152.1  282  +52   -29    0.11  113  -21   Map/Offsets
2021 09 03 2050   23 21 05.0 +27 29 37 144.4  21.2    8.31  152.2  284  +53   -30    0.11  113  -21   Map/Offsets
2021 09 03 2100   23 21 07.9 +27 28 23 144.4  21.2    8.32  152.2  287  +55   -31    0.11  113  -21   Map/Offsets
2021 09 03 2110   23 21 10.8 +27 27 10 144.5  21.2    8.32  152.2  290  +57   -32    0.11  113  -21   Map/Offsets
2021 09 03 2120   23 21 13.8 +27 25 56 144.5  21.2    8.33  152.3  292  +58   -33    0.11  113  -20   Map/Offsets
2021 09 03 2130   23 21 16.7 +27 24 42 144.5  21.2    8.33  152.3  295  +60   -34    0.11  113  -20   Map/Offsets
2021 09 03 2140   23 21 19.6 +27 23 28 144.5  21.2    8.34  152.4  298  +61   -34    0.11  113  -20   Map/Offsets
2021 09 03 2150   23 21 22.5 +27 22 15 144.5  21.2    8.34  152.4  302  +63   -35    0.11  114  -19   Map/Offsets
2021 09 03 2200   23 21 25.4 +27 21 01 144.6  21.2    8.35  152.4  306  +64   -36    0.11  114  -19   Map/Offsets
2021 09 03 2210   23 21 28.3 +27 19 47 144.6  21.2    8.35  152.5  310  +66   -36    0.11  114  -18   Map/Offsets
2021 09 03 2220   23 21 31.2 +27 18 33 144.6  21.2    8.36  152.5  314  +67   -37    0.11  114  -17   Map/Offsets
2021 09 03 2230   23 21 34.1 +27 17 18 144.6  21.2    8.36  152.5  319  +68   -37    0.11  114  -17   Map/Offsets
2021 09 03 2240   23 21 37.0 +27 16 04 144.6  21.2    8.37  152.5  325  +69   -37    0.11  114  -16   Map/Offsets
2021 09 03 2250   23 21 39.8 +27 14 50 144.7  21.2    8.38  152.6  330  +70   -38    0.11  114  -15   Map/Offsets
2021 09 03 2300   23 21 42.7 +27 13 35 144.7  21.2    8.38  152.6  337  +71   -38    0.11  114  -14   Map/Offsets
2021 09 03 2310   23 21 45.6 +27 12 21 144.7  21.2    8.39  152.6  343  +71   -38    0.11  114  -13   Map/Offsets
2021 09 03 2320   23 21 48.5 +27 11 07 144.7  21.2    8.40  152.6  350  +72   -37    0.10  114  -12   Map/Offsets
2021 09 03 2330   23 21 51.4 +27 09 52 144.8  21.2    8.40  152.6  357  +72   -37    0.10  114  -11   Map/Offsets
2021 09 03 2340   23 21 54.3 +27 08 37 144.8  21.2    8.41  152.7  005  +72   -37    0.10  114  -10   Map/Offsets
2021 09 03 2350   23 21 57.2 +27 07 23 144.8  21.2    8.42  152.7  012  +72   -37    0.10  114  -09   Map/Offsets

C5TXN82  8 x 180 sec
2021 09 03 1900   01 01 23.5 +34 25 35 128.0  21.2    4.59  144.3  242  +21   -15    0.12  091  -18   Map/Offsets
2021 09 03 1910   01 01 25.7 +34 24 58 128.0  21.2    4.59  144.4  244  +23   -16    0.12  091  -19   Map/Offsets
2021 09 03 1920   01 01 27.8 +34 24 21 128.0  21.2    4.59  144.4  245  +25   -18    0.12  091  -19   Map/Offsets
2021 09 03 1930   01 01 30.0 +34 23 43 128.0  21.2    4.59  144.5  247  +26   -19    0.12  091  -20   Map/Offsets
2021 09 03 1940   01 01 32.2 +34 23 06 128.1  21.2    4.59  144.5  248  +28   -21    0.11  091  -20   Map/Offsets
2021 09 03 1950   01 01 34.3 +34 22 28 128.1  21.2    4.60  144.6  249  +29   -22    0.11  091  -20   Map/Offsets
2021 09 03 2000   01 01 36.5 +34 21 51 128.1  21.2    4.60  144.7  251  +31   -23    0.11  092  -21   Map/Offsets
2021 09 03 2010   01 01 38.6 +34 21 14 128.1  21.2    4.60  144.7  252  +33   -25    0.11  092  -21   Map/Offsets
2021 09 03 2020   01 01 40.8 +34 20 36 128.1  21.2    4.60  144.8  254  +34   -26    0.11  092  -21   Map/Offsets
2021 09 03 2030   01 01 42.9 +34 19 58 128.1  21.2    4.60  144.8  255  +36   -27    0.11  092  -21   Map/Offsets
2021 09 03 2040   01 01 45.0 +34 19 21 128.1  21.2    4.60  144.9  257  +38   -29    0.11  092  -21   Map/Offsets
2021 09 03 2050   01 01 47.2 +34 18 43 128.1  21.2    4.61  145.0  258  +40   -30    0.11  092  -21   Map/Offsets
2021 09 03 2100   01 01 49.3 +34 18 05 128.1  21.2    4.61  145.0  260  +41   -31    0.11  092  -21   Map/Offsets
2021 09 03 2110   01 01 51.4 +34 17 27 128.1  21.2    4.61  145.1  261  +43   -32    0.11  092  -21   Map/Offsets
2021 09 03 2120   01 01 53.6 +34 16 50 128.1  21.2    4.61  145.1  263  +45   -33    0.11  092  -20   Map/Offsets
2021 09 03 2130   01 01 55.7 +34 16 12 128.1  21.2    4.62  145.2  264  +46   -34    0.11  092  -20   Map/Offsets
2021 09 03 2140   01 01 57.8 +34 15 34 128.2  21.2    4.62  145.3  266  +48   -34    0.11  092  -20   Map/Offsets
2021 09 03 2150   01 01 59.9 +34 14 56 128.2  21.2    4.62  145.3  267  +50   -35    0.11  092  -19   Map/Offsets
2021 09 03 2200   01 02 02.1 +34 14 18 128.2  21.2    4.63  145.4  269  +52   -36    0.11  092  -19   Map/Offsets
2021 09 03 2210   01 02 04.2 +34 13 40 128.2  21.2    4.63  145.4  271  +53   -36    0.11  093  -18   Map/Offsets
2021 09 03 2220   01 02 06.3 +34 13 02 128.2  21.2    4.63  145.5  273  +55   -37    0.11  093  -17   Map/Offsets
2021 09 03 2230   01 02 08.4 +34 12 23 128.2  21.2    4.64  145.6  275  +57   -37    0.11  093  -17   Map/Offsets
2021 09 03 2240   01 02 10.5 +34 11 45 128.2  21.2    4.64  145.6  277  +59   -37    0.11  093  -16   Map/Offsets
2021 09 03 2250   01 02 12.6 +34 11 07 128.2  21.2    4.64  145.7  279  +60   -38    0.11  093  -15   Map/Offsets
2021 09 03 2300   01 02 14.7 +34 10 28 128.2  21.2    4.65  145.7  281  +62   -38    0.11  093  -14   Map/Offsets
2021 09 03 2310   01 02 16.9 +34 09 50 128.2  21.2    4.65  145.8  284  +64   -38    0.11  093  -13   Map/Offsets
2021 09 03 2320   01 02 19.0 +34 09 11 128.2  21.2    4.66  145.8  287  +66   -37    0.10  093  -12   Map/Offsets
2021 09 03 2330   01 02 21.1 +34 08 33 128.2  21.2    4.66  145.9  290  +67   -37    0.10  093  -11   Map/Offsets
2021 09 03 2340   01 02 23.2 +34 07 54 128.3  21.2    4.67  145.9  293  +69   -37    0.10  093  -10   Map/Offsets
2021 09 03 2350   01 02 25.3 +34 07 16 128.3  21.2    4.67  146.0  297  +71   -37    0.10  093  -09   Map/Offsets

P11jTcF  8 x 180 sec
2021 09 03 1910   21 18 12.5 -16 45 24 155.6  21.7    3.69  338.5  324  +20   -16    0.12  164  -19   Map/Offsets
2021 09 03 1920   21 18 11.6 -16 44 49 155.6  21.7    3.70  338.4  326  +21   -18    0.12  164  -19   Map/Offsets
2021 09 03 1930   21 18 10.6 -16 44 15 155.5  21.7    3.70  338.4  329  +22   -19    0.12  164  -20   Map/Offsets
2021 09 03 1940   21 18 09.7 -16 43 40 155.5  21.7    3.70  338.3  331  +23   -21    0.11  165  -20   Map/Offsets
2021 09 03 1950   21 18 08.7 -16 43 06 155.5  21.7    3.70  338.3  334  +24   -22    0.11  165  -20   Map/Offsets
2021 09 03 2000   21 18 07.8 -16 42 32 155.5  21.7    3.71  338.3  336  +25   -23    0.11  165  -21   Map/Offsets
2021 09 03 2010   21 18 06.8 -16 41 57 155.5  21.7    3.71  338.2  339  +26   -25    0.11  165  -21   Map/Offsets
2021 09 03 2020   21 18 05.9 -16 41 23 155.5  21.7    3.71  338.2  341  +26   -26    0.11  165  -21   Map/Offsets
2021 09 03 2030   21 18 04.9 -16 40 48 155.5  21.7    3.71  338.2  344  +27   -27    0.11  165  -21   Map/Offsets
2021 09 03 2040   21 18 03.9 -16 40 14 155.5  21.7    3.72  338.2  346  +27   -29    0.11  165  -21   Map/Offsets
2021 09 03 2050   21 18 03.0 -16 39 39 155.5  21.7    3.72  338.2  349  +28   -30    0.11  165  -21   Map/Offsets
2021 09 03 2100   21 18 02.0 -16 39 05 155.5  21.7    3.72  338.2  352  +28   -31    0.11  165  -21   Map/Offsets
2021 09 03 2110   21 18 01.1 -16 38 30 155.5  21.7    3.72  338.2  355  +28   -32    0.11  165  -21   Map/Offsets
2021 09 03 2120   21 18 00.1 -16 37 56 155.5  21.7    3.72  338.2  357  +28   -33    0.11  165  -20   Map/Offsets
2021 09 03 2130   21 17 59.1 -16 37 21 155.5  21.7    3.72  338.2  000  +28   -34    0.11  165  -20   Map/Offsets
2021 09 03 2140   21 17 58.2 -16 36 46 155.5  21.7    3.73  338.2  003  +28   -34    0.11  166  -20   Map/Offsets
2021 09 03 2150   21 17 57.2 -16 36 12 155.4  21.7    3.73  338.3  005  +28   -35    0.11  166  -19   Map/Offsets
2021 09 03 2200   21 17 56.3 -16 35 37 155.4  21.7    3.73  338.3  008  +28   -36    0.11  166  -19   Map/Offsets
2021 09 03 2210   21 17 55.3 -16 35 03 155.4  21.7    3.73  338.3  011  +28   -36    0.11  166  -18   Map/Offsets
2021 09 03 2220   21 17 54.3 -16 34 28 155.4  21.7    3.73  338.4  014  +27   -37    0.11  166  -17   Map/Offsets
2021 09 03 2230   21 17 53.4 -16 33 53 155.4  21.7    3.73  338.4  016  +27   -37    0.11  166  -17   Map/Offsets
2021 09 03 2240   21 17 52.4 -16 33 18 155.4  21.7    3.73  338.5  019  +26   -37    0.11  166  -16   Map/Offsets
2021 09 03 2250   21 17 51.5 -16 32 44 155.4  21.7    3.73  338.5  021  +26   -38    0.11  166  -15   Map/Offsets
2021 09 03 2300   21 17 50.5 -16 32 09 155.4  21.7    3.73  338.6  024  +25   -38    0.11  166  -14   Map/Offsets
2021 09 03 2310   21 17 49.6 -16 31 34 155.4  21.7    3.73  338.7  026  +24   -38    0.11  166  -13   Map/Offsets
2021 09 03 2320   21 17 48.6 -16 31 00 155.4  21.7    3.73  338.7  029  +23   -37    0.10  166  -12   Map/Offsets
2021 09 03 2330   21 17 47.7 -16 30 25 155.4  21.7    3.73  338.8  031  +23   -37    0.10  166  -11   Map/Offsets
2021 09 03 2340   21 17 46.8 -16 29 50 155.4  21.7    3.73  338.9  034  +22   -37    0.10  167  -10   Map/Offsets
2021 09 03 2350   21 17 45.8 -16 29 15 155.4  21.7    3.73  339.0  036  +21   -37    0.10  167  -09   Map/Offsets

P11jTqm  8 x 180 sec
2021 09 03 1910   22 35 41.6 -04 43 31 175.4  21.2    5.63  014.5  300  +20   -16    0.12  142  -19   Map/Offsets
2021 09 03 1920   22 35 42.6 -04 42 37 175.4  21.2    5.63  014.3  302  +22   -18    0.12  142  -19   Map/Offsets
2021 09 03 1930   22 35 43.5 -04 41 42 175.4  21.2    5.64  014.2  304  +23   -19    0.12  142  -20   Map/Offsets
2021 09 03 1940   22 35 44.4 -04 40 47 175.4  21.2    5.64  014.0  306  +25   -21    0.11  142  -20   Map/Offsets
2021 09 03 1950   22 35 45.3 -04 39 53 175.4  21.2    5.65  013.9  309  +26   -22    0.11  142  -20   Map/Offsets
2021 09 03 2000   22 35 46.2 -04 38 58 175.4  21.2    5.66  013.7  311  +28   -23    0.11  142  -21   Map/Offsets
2021 09 03 2010   22 35 47.1 -04 38 03 175.4  21.2    5.66  013.6  313  +29   -25    0.11  142  -21   Map/Offsets
2021 09 03 2020   22 35 48.0 -04 37 08 175.4  21.2    5.67  013.5  316  +30   -26    0.11  142  -21   Map/Offsets
2021 09 03 2030   22 35 48.9 -04 36 12 175.4  21.2    5.67  013.3  319  +32   -27    0.11  142  -21   Map/Offsets
2021 09 03 2040   22 35 49.8 -04 35 17 175.4  21.2    5.68  013.2  321  +33   -29    0.11  142  -21   Map/Offsets
2021 09 03 2050   22 35 50.6 -04 34 22 175.4  21.2    5.69  013.1  324  +34   -30    0.11  143  -21   Map/Offsets
2021 09 03 2100   22 35 51.5 -04 33 26 175.3  21.2    5.70  013.0  327  +35   -31    0.11  143  -21   Map/Offsets
2021 09 03 2110   22 35 52.3 -04 32 31 175.3  21.2    5.70  012.9  329  +36   -32    0.11  143  -21   Map/Offsets
2021 09 03 2120   22 35 53.2 -04 31 35 175.3  21.2    5.71  012.9  332  +37   -33    0.11  143  -20   Map/Offsets
2021 09 03 2130   22 35 54.0 -04 30 40 175.3  21.2    5.72  012.8  335  +37   -34    0.11  143  -20   Map/Offsets
2021 09 03 2140   22 35 54.9 -04 29 44 175.3  21.2    5.73  012.7  338  +38   -34    0.11  143  -20   Map/Offsets
2021 09 03 2150   22 35 55.7 -04 28 48 175.3  21.2    5.73  012.7  341  +39   -35    0.11  143  -19   Map/Offsets
2021 09 03 2200   22 35 56.6 -04 27 52 175.3  21.2    5.74  012.6  344  +39   -36    0.11  143  -19   Map/Offsets
2021 09 03 2210   22 35 57.4 -04 26 56 175.3  21.2    5.75  012.6  348  +40   -36    0.11  143  -18   Map/Offsets
2021 09 03 2220   22 35 58.2 -04 26 00 175.3  21.2    5.76  012.5  351  +40   -37    0.11  143  -17   Map/Offsets
2021 09 03 2230   22 35 59.1 -04 25 03 175.3  21.2    5.77  012.5  354  +40   -37    0.11  143  -17   Map/Offsets
2021 09 03 2240   22 35 59.9 -04 24 07 175.2  21.2    5.78  012.5  357  +40   -37    0.11  143  -16   Map/Offsets
2021 09 03 2250   22 36 00.8 -04 23 11 175.2  21.2    5.79  012.5  001  +41   -38    0.11  143  -15   Map/Offsets
2021 09 03 2300   22 36 01.6 -04 22 14 175.2  21.2    5.80  012.5  004  +40   -38    0.11  144  -14   Map/Offsets
2021 09 03 2310   22 36 02.4 -04 21 17 175.2  21.2    5.81  012.5  007  +40   -38    0.11  144  -13   Map/Offsets
2021 09 03 2320   22 36 03.3 -04 20 21 175.2  21.2    5.82  012.5  011  +40   -37    0.10  144  -12   Map/Offsets
2021 09 03 2330   22 36 04.1 -04 19 24 175.2  21.2    5.83  012.6  014  +40   -37    0.10  144  -11   Map/Offsets
2021 09 03 2340   22 36 05.0 -04 18 27 175.2  21.2    5.84  012.6  017  +39   -37    0.10  144  -10   Map/Offsets
2021 09 03 2350   22 36 05.8 -04 17 30 175.2  21.2    5.85  012.6  020  +39   -37    0.10  144  -09   Map/Offsets

P11jTxm  8 x 180 sec
2021 09 03 1950   22 13 45.7 -14 54 21 168.2  21.5    6.46  163.4  320  +20   -22    0.11  152  -20   Map/Offsets
2021 09 03 2000   22 13 47.0 -14 55 23 168.2  21.5    6.47  163.5  322  +21   -23    0.11  152  -21   Map/Offsets
2021 09 03 2010   22 13 48.2 -14 56 25 168.2  21.5    6.47  163.6  324  +22   -25    0.11  152  -21   Map/Offsets
2021 09 03 2020   22 13 49.5 -14 57 27 168.2  21.5    6.48  163.7  327  +23   -26    0.11  152  -21   Map/Offsets
2021 09 03 2030   22 13 50.8 -14 58 29 168.2  21.5    6.48  163.8  329  +24   -27    0.11  152  -21   Map/Offsets
2021 09 03 2040   22 13 52.0 -14 59 31 168.1  21.5    6.49  163.9  332  +25   -29    0.11  152  -21   Map/Offsets
2021 09 03 2050   22 13 53.2 -15 00 34 168.1  21.5    6.49  163.9  334  +26   -30    0.11  152  -21   Map/Offsets
2021 09 03 2100   22 13 54.5 -15 01 36 168.1  21.5    6.50  164.0  337  +27   -31    0.11  152  -21   Map/Offsets
2021 09 03 2110   22 13 55.7 -15 02 38 168.1  21.5    6.50  164.0  339  +27   -32    0.11  153  -21   Map/Offsets
2021 09 03 2120   22 13 57.0 -15 03 41 168.1  21.5    6.51  164.1  342  +28   -33    0.11  153  -20   Map/Offsets
2021 09 03 2130   22 13 58.2 -15 04 44 168.1  21.4    6.51  164.1  345  +28   -34    0.11  153  -20   Map/Offsets
2021 09 03 2140   22 13 59.4 -15 05 46 168.1  21.4    6.52  164.1  347  +29   -34    0.11  153  -20   Map/Offsets
2021 09 03 2150   22 14 00.6 -15 06 49 168.0  21.4    6.53  164.2  350  +29   -35    0.11  153  -19   Map/Offsets
2021 09 03 2200   22 14 01.9 -15 07 52 168.0  21.4    6.53  164.2  353  +29   -36    0.11  153  -19   Map/Offsets
2021 09 03 2210   22 14 03.1 -15 08 55 168.0  21.4    6.54  164.2  356  +30   -36    0.11  153  -18   Map/Offsets
2021 09 03 2220   22 14 04.3 -15 09 58 168.0  21.4    6.55  164.2  358  +30   -37    0.11  153  -17   Map/Offsets
2021 09 03 2230   22 14 05.6 -15 11 01 168.0  21.4    6.55  164.2  001  +30   -37    0.11  153  -17   Map/Offsets
2021 09 03 2240   22 14 06.8 -15 12 04 168.0  21.4    6.56  164.1  004  +30   -37    0.11  153  -16   Map/Offsets
2021 09 03 2250   22 14 08.1 -15 13 07 168.0  21.4    6.57  164.1  007  +29   -38    0.11  153  -15   Map/Offsets
2021 09 03 2300   22 14 09.3 -15 14 10 167.9  21.4    6.58  164.1  009  +29   -38    0.11  154  -14   Map/Offsets
2021 09 03 2310   22 14 10.5 -15 15 13 167.9  21.4    6.59  164.0  012  +29   -38    0.11  154  -13   Map/Offsets
2021 09 03 2320   22 14 11.8 -15 16 17 167.9  21.4    6.59  164.0  015  +28   -37    0.10  154  -12   Map/Offsets
2021 09 03 2330   22 14 13.1 -15 17 20 167.9  21.4    6.60  163.9  018  +28   -37    0.10  154  -11   Map/Offsets
2021 09 03 2340   22 14 14.3 -15 18 24 167.9  21.4    6.61  163.8  020  +27   -37    0.10  154  -10   Map/Offsets
2021 09 03 2350   22 14 15.6 -15 19 27 167.9  21.4    6.62  163.7  023  +27   -37    0.10  154  -09   Map/Offsets

P11jXHt  8 x 180 sec
2021 09 03 1950   23 03 37.9 -06 19 10 176.6  22.1    1.51  356.1  304  +21   -22    0.11  137  -20   Map/Offsets
2021 09 03 2000   23 03 37.8 -06 18 54 176.6  22.1    1.52  355.9  306  +22   -23    0.11  137  -21   Map/Offsets
2021 09 03 2010   23 03 37.7 -06 18 39 176.6  22.1    1.52  355.8  308  +24   -25    0.11  137  -21   Map/Offsets
2021 09 03 2020   23 03 37.6 -06 18 24 176.7  22.1    1.52  355.6  310  +25   -26    0.11  137  -21   Map/Offsets
2021 09 03 2030   23 03 37.6 -06 18 09 176.7  22.1    1.52  355.4  313  +27   -27    0.11  137  -21   Map/Offsets
2021 09 03 2040   23 03 37.5 -06 17 54 176.7  22.1    1.52  355.3  315  +28   -29    0.11  137  -21   Map/Offsets
2021 09 03 2050   23 03 37.4 -06 17 39 176.7  22.1    1.52  355.2  317  +29   -30    0.11  138  -21   Map/Offsets
2021 09 03 2100   23 03 37.3 -06 17 24 176.7  22.1    1.52  355.0  320  +30   -31    0.11  138  -21   Map/Offsets
2021 09 03 2110   23 03 37.2 -06 17 09 176.7  22.1    1.52  354.9  323  +31   -32    0.11  138  -21   Map/Offsets
2021 09 03 2120   23 03 37.1 -06 16 54 176.7  22.1    1.52  354.8  325  +32   -33    0.11  138  -20   Map/Offsets
2021 09 03 2130   23 03 37.0 -06 16 38 176.7  22.1    1.52  354.7  328  +33   -34    0.11  138  -20   Map/Offsets
2021 09 03 2140   23 03 36.9 -06 16 23 176.7  22.1    1.52  354.6  331  +34   -34    0.11  138  -20   Map/Offsets
2021 09 03 2150   23 03 36.8 -06 16 08 176.7  22.1    1.52  354.5  334  +35   -35    0.11  138  -19   Map/Offsets
2021 09 03 2200   23 03 36.7 -06 15 53 176.7  22.1    1.52  354.4  337  +36   -36    0.11  138  -19   Map/Offsets
2021 09 03 2210   23 03 36.6 -06 15 38 176.7  22.1    1.52  354.3  340  +37   -36    0.11  138  -18   Map/Offsets
2021 09 03 2220   23 03 36.5 -06 15 23 176.7  22.1    1.52  354.3  343  +37   -37    0.11  138  -17   Map/Offsets
2021 09 03 2230   23 03 36.4 -06 15 08 176.7  22.1    1.52  354.2  346  +38   -37    0.11  138  -17   Map/Offsets
2021 09 03 2240   23 03 36.3 -06 14 53 176.7  22.1    1.52  354.2  349  +38   -37    0.11  138  -16   Map/Offsets
2021 09 03 2250   23 03 36.2 -06 14 37 176.7  22.1    1.52  354.2  352  +38   -38    0.11  139  -15   Map/Offsets
2021 09 03 2300   23 03 36.1 -06 14 22 176.7  22.1    1.52  354.1  355  +39   -38    0.11  139  -14   Map/Offsets
2021 09 03 2310   23 03 36.0 -06 14 07 176.7  22.1    1.52  354.1  358  +39   -38    0.11  139  -13   Map/Offsets
2021 09 03 2320   23 03 35.9 -06 13 52 176.8  22.1    1.52  354.1  001  +39   -37    0.10  139  -12   Map/Offsets
2021 09 03 2330   23 03 35.8 -06 13 37 176.8  22.1    1.52  354.1  005  +39   -37    0.10  139  -11   Map/Offsets
2021 09 03 2340   23 03 35.7 -06 13 22 176.8  22.1    1.52  354.2  008  +38   -37    0.10  139  -10   Map/Offsets
2021 09 03 2350   23 03 35.6 -06 13 07 176.8  22.1    1.52  354.2  011  +38   -37    0.10  139  -09   Map/Offsets

A10AGQv  144 x 10 sec
2021 09 03 1950   23 09 06.0 -04 39 01 174.7  17.4   22.91  318.2  301  +22   -22    0.11  135  -20   Map/Offsets
2021 09 03 2000   23 08 55.8 -04 36 10 174.7  17.4   22.93  318.1  303  +23   -23    0.11  135  -21   Map/Offsets
2021 09 03 2010   23 08 45.6 -04 33 20 174.7  17.4   22.94  318.1  306  +25   -25    0.11  135  -21   Map/Offsets
2021 09 03 2020   23 08 35.3 -04 30 29 174.7  17.4   22.96  318.1  308  +26   -26    0.11  135  -21   Map/Offsets
2021 09 03 2030   23 08 25.1 -04 27 38 174.8  17.4   22.97  318.1  310  +28   -27    0.11  135  -21   Map/Offsets
2021 09 03 2040   23 08 14.8 -04 24 47 174.8  17.4   22.99  318.1  313  +29   -29    0.11  136  -21   Map/Offsets
2021 09 03 2050   23 08 04.5 -04 21 56 174.8  17.4   23.00  318.0  315  +30   -30    0.11  136  -21   Map/Offsets
2021 09 03 2100   23 07 54.2 -04 19 05 174.8  17.4   23.01  318.0  318  +32   -31    0.11  136  -21   Map/Offsets
2021 09 03 2110   23 07 43.9 -04 16 14 174.8  17.4   23.02  318.0  320  +33   -32    0.11  136  -21   Map/Offsets
2021 09 03 2120   23 07 33.6 -04 13 23 174.8  17.4   23.03  318.0  323  +34   -33    0.11  136  -20   Map/Offsets
2021 09 03 2130   23 07 23.3 -04 10 32 174.8  17.4   23.04  318.0  326  +35   -34    0.11  136  -20   Map/Offsets
2021 09 03 2140   23 07 13.0 -04 07 40 174.9  17.4   23.05  318.0  329  +36   -34    0.11  136  -20   Map/Offsets
2021 09 03 2150   23 07 02.7 -04 04 49 174.9  17.4   23.06  318.0  332  +37   -35    0.11  136  -19   Map/Offsets
2021 09 03 2200   23 06 52.4 -04 01 58 174.9  17.4   23.07  317.9  335  +38   -36    0.11  136  -19   Map/Offsets
2021 09 03 2210   23 06 42.0 -03 59 07 174.9  17.3   23.08  317.9  338  +39   -36    0.11  136  -18   Map/Offsets
2021 09 03 2220   23 06 31.7 -03 56 15 174.9  17.3   23.09  317.9  341  +39   -37    0.11  137  -17   Map/Offsets
2021 09 03 2230   23 06 21.3 -03 53 24 174.9  17.3   23.09  317.9  344  +40   -37    0.11  137  -17   Map/Offsets
2021 09 03 2240   23 06 11.0 -03 50 32 174.9  17.3   23.10  317.9  348  +40   -37    0.11  137  -16   Map/Offsets
2021 09 03 2250   23 06 00.7 -03 47 41 174.9  17.3   23.11  317.9  351  +41   -38    0.11  137  -15   Map/Offsets
2021 09 03 2300   23 05 50.3 -03 44 49 174.9  17.3   23.11  317.9  354  +41   -38    0.11  137  -14   Map/Offsets
2021 09 03 2310   23 05 40.0 -03 41 58 174.9  17.3   23.11  317.9  358  +41   -38    0.11  137  -13   Map/Offsets
2021 09 03 2320   23 05 29.6 -03 39 06 174.9  17.3   23.12  317.9  001  +41   -37    0.10  137  -12   Map/Offsets
2021 09 03 2330   23 05 19.3 -03 36 15 174.9  17.3   23.12  317.9  004  +41   -37    0.10  137  -11   Map/Offsets
2021 09 03 2340   23 05 08.9 -03 33 23 174.9  17.3   23.12  317.9  008  +41   -37    0.10  137  -10   Map/Offsets
2021 09 03 2350   23 04 58.6 -03 30 31 174.9  17.3   23.12  318.0  011  +41   -37    0.10  137  -09   Map/Offsets

P11jTcE  8 x 180 sec
2021 09 03 2000   21 57 43.1 -18 14 38 163.1  21.9    2.04  357.9  327  +20   -23    0.11  157  -21   Map/Offsets
2021 09 03 2010   21 57 43.0 -18 14 18 163.1  21.9    2.04  357.8  329  +21   -25    0.11  157  -21   Map/Offsets
2021 09 03 2020   21 57 43.0 -18 13 57 163.1  21.9    2.04  357.7  332  +22   -26    0.11  157  -21   Map/Offsets
2021 09 03 2030   21 57 42.9 -18 13 37 163.1  21.9    2.05  357.6  334  +23   -27    0.11  157  -21   Map/Offsets
2021 09 03 2040   21 57 42.9 -18 13 16 163.1  21.9    2.05  357.6  337  +23   -29    0.11  157  -21   Map/Offsets
2021 09 03 2050   21 57 42.8 -18 12 56 163.1  21.9    2.05  357.5  339  +24   -30    0.11  157  -21   Map/Offsets
2021 09 03 2100   21 57 42.7 -18 12 35 163.1  21.9    2.05  357.5  342  +25   -31    0.11  157  -21   Map/Offsets
2021 09 03 2110   21 57 42.7 -18 12 15 163.1  21.9    2.05  357.4  344  +25   -32    0.11  157  -21   Map/Offsets
2021 09 03 2120   21 57 42.6 -18 11 54 163.1  21.9    2.06  357.4  347  +26   -33    0.11  157  -20   Map/Offsets
2021 09 03 2130   21 57 42.5 -18 11 34 163.1  21.9    2.06  357.4  349  +26   -34    0.11  157  -20   Map/Offsets
2021 09 03 2140   21 57 42.5 -18 11 13 163.1  21.9    2.06  357.4  352  +26   -34    0.11  158  -20   Map/Offsets
2021 09 03 2150   21 57 42.4 -18 10 52 163.1  21.9    2.06  357.4  355  +27   -35    0.11  158  -19   Map/Offsets
2021 09 03 2200   21 57 42.3 -18 10 32 163.1  21.9    2.07  357.4  357  +27   -36    0.11  158  -19   Map/Offsets
2021 09 03 2210   21 57 42.3 -18 10 11 163.1  21.9    2.07  357.4  000  +27   -36    0.11  158  -18   Map/Offsets
2021 09 03 2220   21 57 42.2 -18 09 51 163.1  21.9    2.07  357.4  003  +27   -37    0.11  158  -17   Map/Offsets
2021 09 03 2230   21 57 42.1 -18 09 30 163.1  21.9    2.07  357.4  005  +27   -37    0.11  158  -17   Map/Offsets
2021 09 03 2240   21 57 42.1 -18 09 09 163.1  21.9    2.07  357.4  008  +26   -37    0.11  158  -16   Map/Offsets
2021 09 03 2250   21 57 42.0 -18 08 48 163.1  21.9    2.08  357.4  011  +26   -38    0.11  158  -15   Map/Offsets
2021 09 03 2300   21 57 42.0 -18 08 28 163.1  21.9    2.08  357.5  013  +26   -38    0.11  158  -14   Map/Offsets
2021 09 03 2310   21 57 41.9 -18 08 07 163.1  21.9    2.08  357.5  016  +25   -38    0.11  158  -13   Map/Offsets
2021 09 03 2320   21 57 41.8 -18 07 46 163.0  21.9    2.08  357.6  018  +25   -37    0.10  158  -12   Map/Offsets
2021 09 03 2330   21 57 41.8 -18 07 25 163.0  21.9    2.08  357.6  021  +24   -37    0.10  158  -11   Map/Offsets
2021 09 03 2340   21 57 41.7 -18 07 05 163.0  21.9    2.08  357.7  024  +24   -37    0.10  159  -10   Map/Offsets
2021 09 03 2350   21 57 41.6 -18 06 44 163.0  21.9    2.09  357.7  026  +23   -37    0.10  159  -09   Map/Offsets

P11jXFg  8 x 180 sec
2021 09 03 2050   23 04 39.1 -16 27 08 170.3  21.3    1.81  224.6  322  +20   -30    0.11  141  -21   Map/Offsets
2021 09 03 2100   23 04 38.2 -16 27 21 170.3  21.3    1.81  224.6  325  +21   -31    0.11  141  -21   Map/Offsets
2021 09 03 2110   23 04 37.3 -16 27 34 170.3  21.3    1.81  224.7  327  +22   -32    0.11  142  -21   Map/Offsets
2021 09 03 2120   23 04 36.4 -16 27 47 170.3  21.3    1.81  224.7  329  +23   -33    0.11  142  -20   Map/Offsets
2021 09 03 2130   23 04 35.5 -16 28 00 170.3  21.3    1.81  224.7  332  +24   -34    0.11  142  -20   Map/Offsets
2021 09 03 2140   23 04 34.7 -16 28 13 170.3  21.3    1.81  224.7  334  +25   -34    0.11  142  -20   Map/Offsets
2021 09 03 2150   23 04 33.8 -16 28 26 170.3  21.3    1.81  224.7  337  +25   -35    0.11  142  -19   Map/Offsets
2021 09 03 2200   23 04 32.9 -16 28 38 170.3  21.3    1.81  224.8  340  +26   -36    0.11  142  -19   Map/Offsets
2021 09 03 2210   23 04 32.0 -16 28 51 170.3  21.3    1.81  224.8  342  +27   -36    0.11  142  -18   Map/Offsets
2021 09 03 2220   23 04 31.1 -16 29 04 170.3  21.3    1.81  224.8  345  +27   -37    0.11  142  -17   Map/Offsets
2021 09 03 2230   23 04 30.2 -16 29 17 170.3  21.3    1.81  224.8  347  +28   -37    0.11  142  -17   Map/Offsets
2021 09 03 2240   23 04 29.3 -16 29 30 170.3  21.3    1.81  224.8  350  +28   -37    0.11  142  -16   Map/Offsets
2021 09 03 2250   23 04 28.4 -16 29 43 170.3  21.3    1.81  224.8  353  +28   -38    0.11  142  -15   Map/Offsets
2021 09 03 2300   23 04 27.6 -16 29 56 170.3  21.3    1.81  224.8  356  +28   -38    0.11  143  -14   Map/Offsets
2021 09 03 2310   23 04 26.7 -16 30 09 170.2  21.3    1.81  224.8  358  +28   -38    0.11  143  -13   Map/Offsets
2021 09 03 2320   23 04 25.8 -16 30 21 170.2  21.3    1.81  224.9  001  +28   -37    0.10  143  -12   Map/Offsets
2021 09 03 2330   23 04 24.9 -16 30 34 170.2  21.3    1.81  224.9  004  +28   -37    0.10  143  -11   Map/Offsets
2021 09 03 2340   23 04 24.0 -16 30 47 170.2  21.3    1.81  224.9  006  +28   -37    0.10  143  -10   Map/Offsets
2021 09 03 2350   23 04 23.1 -16 31 00 170.2  21.3    1.81  224.9  009  +28   -37    0.10  143  -09   Map/Offsets

P11jXHu  8 x 180 sec
2021 09 03 2050   23 07 06.7 -15 47 05 170.7  22.0    2.31  199.0  322  +20   -30    0.11  141  -21   Map/Offsets
2021 09 03 2100   23 07 06.1 -15 47 27 170.7  22.0    2.31  199.2  324  +21   -31    0.11  141  -21   Map/Offsets
2021 09 03 2110   23 07 05.6 -15 47 49 170.7  22.0    2.31  199.3  326  +22   -32    0.11  141  -21   Map/Offsets
2021 09 03 2120   23 07 05.1 -15 48 11 170.7  22.0    2.31  199.4  329  +23   -33    0.11  141  -20   Map/Offsets
2021 09 03 2130   23 07 04.6 -15 48 32 170.6  22.0    2.31  199.6  331  +24   -34    0.11  141  -20   Map/Offsets
2021 09 03 2140   23 07 04.0 -15 48 54 170.6  22.0    2.31  199.7  334  +25   -34    0.11  141  -20   Map/Offsets
2021 09 03 2150   23 07 03.5 -15 49 16 170.6  22.0    2.31  199.8  336  +26   -35    0.11  141  -19   Map/Offsets
2021 09 03 2200   23 07 02.9 -15 49 38 170.6  22.0    2.31  199.9  339  +26   -36    0.11  141  -19   Map/Offsets
2021 09 03 2210   23 07 02.4 -15 49 59 170.6  22.0    2.31  200.0  341  +27   -36    0.11  141  -18   Map/Offsets
2021 09 03 2220   23 07 01.8 -15 50 21 170.6  22.0    2.30  200.1  344  +28   -37    0.11  141  -17   Map/Offsets
2021 09 03 2230   23 07 01.3 -15 50 42 170.6  22.0    2.30  200.1  347  +28   -37    0.11  141  -17   Map/Offsets
2021 09 03 2240   23 07 00.7 -15 51 04 170.6  22.0    2.30  200.2  349  +28   -37    0.11  142  -16   Map/Offsets
2021 09 03 2250   23 07 00.2 -15 51 26 170.6  22.0    2.30  200.3  352  +29   -38    0.11  142  -15   Map/Offsets
2021 09 03 2300   23 06 59.6 -15 51 47 170.6  22.0    2.30  200.3  355  +29   -38    0.11  142  -14   Map/Offsets
2021 09 03 2310   23 06 59.1 -15 52 09 170.6  22.0    2.30  200.4  358  +29   -38    0.11  142  -13   Map/Offsets
2021 09 03 2320   23 06 58.5 -15 52 30 170.6  22.0    2.29  200.4  000  +29   -37    0.10  142  -12   Map/Offsets
2021 09 03 2330   23 06 58.0 -15 52 52 170.6  22.0    2.29  200.4  003  +29   -37    0.10  142  -11   Map/Offsets
2021 09 03 2340   23 06 57.4 -15 53 13 170.6  22.0    2.29  200.4  006  +29   -37    0.10  142  -10   Map/Offsets
2021 09 03 2350   23 06 56.9 -15 53 35 170.6  22.0    2.29  200.4  009  +29   -37    0.10  142  -09   Map/Offsets

P11jpgU  8 x 180 sec
2021 09 03 2100   00 11 23.8 -07 12 21 160.0  21.9    0.66  345.3  305  +21   -31    0.11  123  -21   Map/Offsets
2021 09 03 2110   00 11 23.7 -07 12 15 160.0  21.9    0.66  345.2  307  +22   -32    0.11  123  -21   Map/Offsets
2021 09 03 2120   00 11 23.5 -07 12 09 160.1  21.9    0.66  345.1  309  +24   -33    0.11  123  -20   Map/Offsets
2021 09 03 2130   00 11 23.4 -07 12 02 160.1  21.9    0.66  345.0  311  +25   -34    0.11  123  -20   Map/Offsets
2021 09 03 2140   00 11 23.3 -07 11 56 160.1  21.9    0.66  344.9  314  +26   -34    0.11  123  -20   Map/Offsets
2021 09 03 2150   00 11 23.2 -07 11 50 160.1  21.9    0.66  344.8  316  +27   -35    0.11  123  -19   Map/Offsets
2021 09 03 2200   00 11 23.1 -07 11 43 160.1  21.9    0.66  344.8  319  +29   -36    0.11  123  -19   Map/Offsets
2021 09 03 2210   00 11 23.0 -07 11 37 160.1  21.9    0.66  344.7  321  +30   -36    0.11  123  -18   Map/Offsets
2021 09 03 2220   00 11 22.8 -07 11 30 160.1  21.9    0.66  344.6  324  +31   -37    0.11  124  -17   Map/Offsets
2021 09 03 2230   00 11 22.7 -07 11 24 160.1  21.9    0.66  344.6  326  +32   -37    0.11  124  -17   Map/Offsets
2021 09 03 2240   00 11 22.6 -07 11 18 160.1  21.9    0.66  344.5  329  +33   -37    0.11  124  -16   Map/Offsets
2021 09 03 2250   00 11 22.5 -07 11 11 160.1  21.9    0.66  344.5  332  +34   -38    0.11  124  -15   Map/Offsets
2021 09 03 2300   00 11 22.4 -07 11 05 160.1  21.9    0.66  344.4  335  +34   -38    0.11  124  -14   Map/Offsets
2021 09 03 2310   00 11 22.2 -07 10 58 160.1  21.9    0.66  344.4  338  +35   -38    0.11  124  -13   Map/Offsets
2021 09 03 2320   00 11 22.1 -07 10 52 160.1  21.9    0.67  344.3  341  +36   -37    0.10  124  -12   Map/Offsets
2021 09 03 2330   00 11 22.0 -07 10 46 160.1  21.9    0.67  344.3  344  +36   -37    0.10  124  -11   Map/Offsets
2021 09 03 2340   00 11 21.9 -07 10 39 160.1  21.9    0.67  344.3  347  +37   -37    0.10  124  -10   Map/Offsets
2021 09 03 2350   00 11 21.8 -07 10 33 160.2  21.9    0.67  344.2  350  +37   -37    0.10  124  -09   Map/Offsets

X73873  24 x 60 sec
2021 09 03 2110   22 45 50.5 -19 42 53 167.6  20.5    0.86  153.7  333  +21   -32    0.11  147  -21   Map/Offsets
2021 09 03 2120   22 45 50.7 -19 43 01 167.5  20.5    0.86  153.8  335  +21   -33    0.11  147  -20   Map/Offsets
2021 09 03 2130   22 45 51.0 -19 43 08 167.5  20.5    0.86  153.8  338  +22   -34    0.11  147  -20   Map/Offsets
2021 09 03 2140   22 45 51.3 -19 43 16 167.5  20.5    0.86  153.8  340  +23   -34    0.11  147  -20   Map/Offsets
2021 09 03 2150   22 45 51.5 -19 43 24 167.5  20.5    0.86  153.9  343  +23   -35    0.11  147  -19   Map/Offsets
2021 09 03 2200   22 45 51.8 -19 43 32 167.5  20.5    0.85  153.9  345  +24   -36    0.11  147  -19   Map/Offsets
2021 09 03 2210   22 45 52.1 -19 43 39 167.5  20.5    0.85  153.9  348  +24   -36    0.11  147  -18   Map/Offsets
2021 09 03 2220   22 45 52.3 -19 43 47 167.5  20.5    0.85  153.9  350  +25   -37    0.11  147  -17   Map/Offsets
2021 09 03 2230   22 45 52.6 -19 43 55 167.5  20.5    0.85  153.9  353  +25   -37    0.11  147  -17   Map/Offsets
2021 09 03 2240   22 45 52.9 -19 44 02 167.5  20.5    0.85  153.9  355  +25   -37    0.11  147  -16   Map/Offsets
2021 09 03 2250   22 45 53.1 -19 44 10 167.5  20.5    0.85  153.9  358  +25   -38    0.11  148  -15   Map/Offsets
2021 09 03 2300   22 45 53.4 -19 44 17 167.5  20.5    0.85  153.8  001  +25   -38    0.11  148  -14   Map/Offsets
2021 09 03 2310   22 45 53.7 -19 44 25 167.5  20.5    0.85  153.8  003  +25   -38    0.11  148  -13   Map/Offsets
2021 09 03 2320   22 45 53.9 -19 44 33 167.5  20.5    0.84  153.7  006  +25   -37    0.10  148  -12   Map/Offsets
2021 09 03 2330   22 45 54.2 -19 44 40 167.5  20.5    0.84  153.7  008  +25   -37    0.10  148  -11   Map/Offsets
2021 09 03 2340   22 45 54.5 -19 44 48 167.5  20.5    0.84  153.6  011  +24   -37    0.10  148  -10   Map/Offsets
2021 09 03 2350   22 45 54.7 -19 44 55 167.5  20.5    0.84  153.5  014  +24   -37    0.10  148  -09   Map/Offsets

C5TYL62  8 x 180 sec
2021 09 03 2130   03 14 47.7 +30 14 12 106.6  21.6    8.61  028.8  248  +21   -34    0.11  068  -20   Map/Offsets
2021 09 03 2140   03 14 50.9 +30 15 28 106.5  21.6    8.61  028.7  250  +23   -34    0.11  068  -20   Map/Offsets
2021 09 03 2150   03 14 54.1 +30 16 44 106.5  21.6    8.62  028.7  251  +25   -35    0.11  068  -19   Map/Offsets
2021 09 03 2200   03 14 57.3 +30 17 59 106.5  21.6    8.62  028.6  253  +26   -36    0.11  068  -19   Map/Offsets
2021 09 03 2210   03 15 00.5 +30 19 15 106.5  21.6    8.63  028.5  254  +28   -36    0.11  068  -18   Map/Offsets
2021 09 03 2220   03 15 03.7 +30 20 31 106.5  21.6    8.63  028.5  256  +30   -37    0.11  068  -17   Map/Offsets
2021 09 03 2230   03 15 06.9 +30 21 47 106.5  21.6    8.64  028.4  257  +32   -37    0.11  068  -17   Map/Offsets
2021 09 03 2240   03 15 10.0 +30 23 03 106.5  21.6    8.64  028.4  259  +33   -37    0.11  068  -16   Map/Offsets
2021 09 03 2250   03 15 13.2 +30 24 19 106.5  21.6    8.64  028.3  260  +35   -38    0.11  068  -15   Map/Offsets
2021 09 03 2300   03 15 16.4 +30 25 35 106.5  21.6    8.65  028.3  262  +37   -38    0.11  068  -14   Map/Offsets
2021 09 03 2310   03 15 19.5 +30 26 51 106.4  21.6    8.65  028.2  263  +39   -38    0.11  069  -13   Map/Offsets
2021 09 03 2320   03 15 22.7 +30 28 07 106.4  21.6    8.66  028.2  265  +40   -37    0.10  069  -12   Map/Offsets
2021 09 03 2330   03 15 25.9 +30 29 24 106.4  21.6    8.66  028.2  266  +42   -37    0.10  069  -11   Map/Offsets
2021 09 03 2340   03 15 29.0 +30 30 40 106.4  21.6    8.66  028.1  268  +44   -37    0.10  069  -10   Map/Offsets
2021 09 03 2350   03 15 32.2 +30 31 56 106.4  21.6    8.67  028.1  270  +46   -37    0.10  069  -09   Map/Offsets

C5TZTT2  8 x 180 sec
2021 09 03 2140   03 47 33.5 +34 15 58  98.8  21.5    1.66  022.5  241  +20   -34    0.11  060  -20   Map/Offsets
2021 09 03 2150   03 47 34.0 +34 16 13  98.8  21.5    1.66  022.4  243  +22   -35    0.11  060  -19   Map/Offsets
2021 09 03 2200   03 47 34.5 +34 16 28  98.8  21.5    1.66  022.4  244  +24   -36    0.11  060  -19   Map/Offsets
2021 09 03 2210   03 47 35.0 +34 16 44  98.8  21.5    1.66  022.4  246  +25   -36    0.11  061  -18   Map/Offsets
2021 09 03 2220   03 47 35.5 +34 16 59  98.8  21.5    1.66  022.4  247  +27   -37    0.11  061  -17   Map/Offsets
2021 09 03 2230   03 47 36.0 +34 17 14  98.8  21.5    1.66  022.3  249  +28   -37    0.11  061  -17   Map/Offsets
2021 09 03 2240   03 47 36.5 +34 17 30  98.8  21.5    1.66  022.3  250  +30   -37    0.11  061  -16   Map/Offsets
2021 09 03 2250   03 47 37.0 +34 17 45  98.8  21.5    1.66  022.3  251  +32   -38    0.11  061  -15   Map/Offsets
2021 09 03 2300   03 47 37.5 +34 18 00  98.8  21.5    1.66  022.3  253  +33   -38    0.11  061  -14   Map/Offsets
2021 09 03 2310   03 47 38.1 +34 18 16  98.8  21.5    1.66  022.2  254  +35   -38    0.11  061  -13   Map/Offsets
2021 09 03 2320   03 47 38.6 +34 18 31  98.8  21.5    1.66  022.2  256  +37   -37    0.10  061  -12   Map/Offsets
2021 09 03 2330   03 47 39.1 +34 18 46  98.8  21.5    1.66  022.2  257  +39   -37    0.10  061  -11   Map/Offsets
2021 09 03 2340   03 47 39.6 +34 19 02  98.8  21.5    1.66  022.2  259  +40   -37    0.10  061  -10   Map/Offsets
2021 09 03 2350   03 47 40.1 +34 19 17  98.8  21.5    1.65  022.1  260  +42   -37    0.10  061  -09   Map/Offsets

P21jKG8  24 x 60 sec
2021 09 03 2140   22 59 39.7 -21 38 47 165.5  20.6    1.27  211.6  337  +20   -34    0.11  144  -20   Map/Offsets
2021 09 03 2150   22 59 39.2 -21 38 58 165.5  20.6    1.27  211.6  340  +21   -35    0.11  144  -19   Map/Offsets
2021 09 03 2200   22 59 38.8 -21 39 09 165.5  20.6    1.27  211.7  342  +21   -36    0.11  144  -19   Map/Offsets
2021 09 03 2210   22 59 38.3 -21 39 20 165.5  20.6    1.27  211.7  345  +22   -36    0.11  144  -18   Map/Offsets
2021 09 03 2220   22 59 37.8 -21 39 30 165.5  20.6    1.27  211.7  347  +22   -37    0.11  145  -17   Map/Offsets
2021 09 03 2230   22 59 37.3 -21 39 41 165.5  20.6    1.27  211.8  350  +23   -37    0.11  145  -17   Map/Offsets
2021 09 03 2240   22 59 36.9 -21 39 52 165.5  20.6    1.27  211.8  352  +23   -37    0.11  145  -16   Map/Offsets
2021 09 03 2250   22 59 36.4 -21 40 03 165.5  20.6    1.27  211.8  355  +23   -38    0.11  145  -15   Map/Offsets
2021 09 03 2300   22 59 35.9 -21 40 13 165.5  20.6    1.27  211.8  357  +23   -38    0.11  145  -14   Map/Offsets
2021 09 03 2310   22 59 35.4 -21 40 24 165.5  20.6    1.26  211.8  000  +23   -38    0.11  145  -13   Map/Offsets
2021 09 03 2320   22 59 34.9 -21 40 35 165.5  20.6    1.26  211.9  002  +23   -37    0.10  145  -12   Map/Offsets
2021 09 03 2330   22 59 34.5 -21 40 46 165.5  20.6    1.26  211.9  005  +23   -37    0.10  145  -11   Map/Offsets
2021 09 03 2340   22 59 34.0 -21 40 56 165.5  20.6    1.26  211.9  007  +23   -37    0.10  145  -10   Map/Offsets
2021 09 03 2350   22 59 33.5 -21 41 07 165.5  20.6    1.26  211.9  010  +23   -37    0.10  145  -09   Map/Offsets

P11jF4g  24 x 60 sec
2021 09 03 2220   22 50 37.3 -24 05 45 163.2  20.9    0.89  310.0  350  +20   -37    0.11  147  -17   Map/Offsets
2021 09 03 2230   22 50 36.8 -24 05 39 163.2  20.9    0.89  310.1  352  +20   -37    0.11  147  -17   Map/Offsets
2021 09 03 2240   22 50 36.3 -24 05 33 163.2  20.9    0.89  310.1  355  +21   -37    0.11  147  -16   Map/Offsets
2021 09 03 2250   22 50 35.8 -24 05 28 163.2  20.9    0.89  310.1  357  +21   -38    0.11  147  -15   Map/Offsets
2021 09 03 2300   22 50 35.3 -24 05 22 163.2  20.9    0.89  310.1  359  +21   -38    0.11  147  -14   Map/Offsets
2021 09 03 2310   22 50 34.8 -24 05 16 163.2  20.9    0.89  310.1  002  +21   -38    0.11  147  -13   Map/Offsets
2021 09 03 2320   22 50 34.3 -24 05 10 163.2  20.9    0.89  310.1  004  +21   -37    0.10  147  -12   Map/Offsets
2021 09 03 2330   22 50 33.8 -24 05 05 163.2  20.9    0.89  310.2  007  +21   -37    0.10  148  -11   Map/Offsets
2021 09 03 2340   22 50 33.3 -24 04 59 163.2  20.9    0.89  310.2  009  +20   -37    0.10  148  -10   Map/Offsets

P21juMm  8 x 180 sec
2021 09 03 2250   03 39 38.4 +14 50 39 105.2  21.1    0.21  081.1  270  +21   -38    0.11  068  -15   Map/Offsets
2021 09 03 2300   03 39 38.6 +14 50 39 105.2  21.1    0.21  081.1  271  +22   -38    0.11  068  -14   Map/Offsets
2021 09 03 2310   03 39 38.7 +14 50 40 105.2  21.1    0.21  081.1  273  +24   -38    0.11  068  -13   Map/Offsets
2021 09 03 2320   03 39 38.8 +14 50 40 105.2  21.1    0.21  081.1  275  +26   -37    0.10  068  -12   Map/Offsets
2021 09 03 2330   03 39 39.0 +14 50 40 105.2  21.1    0.21  081.1  277  +28   -37    0.10  068  -11   Map/Offsets
2021 09 03 2340   03 39 39.1 +14 50 41 105.2  21.1    0.21  081.1  279  +30   -37    0.10  068  -10   Map/Offsets
2021 09 03 2350   03 39 39.3 +14 50 41 105.2  21.1    0.21  081.1  281  +31   -37    0.10  068  -09   Map/Offsets

P21jWfr  8 x 180 sec
2021 09 03 2330   02 44 31.2 -07 09 51 122.2  21.3    2.38  150.1  304  +20   -37    0.10  089  -11   Map/Offsets
2021 09 03 2340   02 44 32.0 -07 10 11 122.2  21.3    2.38  150.2  306  +22   -37    0.10  089  -10   Map/Offsets
2021 09 03 2350   02 44 32.8 -07 10 32 122.2  21.3    2.38  150.2  308  +23   -37    0.10  089  -09   Map/Offsets

